# Bundle file v0.3
134 10950
532.000000 0.0 0.0
0.952638 0.066489 0.296749
-0.105266 0.987578 0.116656
-0.285306 -0.142368 0.947804
0.613415 0.434178 0.869755
532.000000 0.0 0.0
0.952661 0.065852 0.296816
-0.106917 0.986467 0.124305
-0.284613 -0.150155 0.946810
0.610286 0.437357 0.863358
532.000000 0.0 0.0
0.952846 0.064360 0.296552
-0.107459 0.985489 0.131394
-0.283792 -0.157066 0.945935
0.604313 0.441734 0.857950
532.000000 0.0 0.0
0.953214 0.062649 0.295734
-0.105201 0.985886 0.130235
-0.283401 -0.155253 0.946351
0.614007 0.431509 0.862827
532.000000 0.0 0.0
0.953615 0.060943 0.294795
-0.103732 0.985840 0.131754
-0.282591 -0.156222 0.946434
0.628163 0.422993 0.863712
532.000000 0.0 0.0
0.955406 0.046257 0.291648
-0.089854 0.986361 0.137909
-0.281291 -0.157965 0.946532
0.636537 0.423010 0.864262
532.000000 0.0 0.0
0.956969 0.030706 0.288559
-0.074959 0.986795 0.143585
-0.280340 -0.159037 0.946634
0.643953 0.428582 0.864828
532.000000 0.0 0.0
0.958114 0.021393 0.285586
-0.065885 0.986924 0.147108
-0.278704 -0.159762 0.946995
0.654838 0.432834 0.865695
532.000000 0.0 0.0
0.957598 0.026292 0.286906
-0.070540 0.986914 0.144999
-0.279339 -0.159089 0.946921
0.663297 0.417898 0.868576
532.000000 0.0 0.0
0.957512 0.023843 0.287407
-0.067501 0.987423 0.142968
-0.280383 -0.156293 0.947079
0.670950 0.378699 0.870454
532.000000 0.0 0.0
0.956992 0.024291 0.289095
-0.066040 0.988567 0.135549
-0.282497 -0.148812 0.947655
0.693458 0.345751 0.882561
532.000000 0.0 0.0
0.958068 0.022133 0.285685
-0.056744 0.991922 0.113448
-0.280867 -0.124901 0.951585
0.718792 0.271509 0.919482
532.000000 0.0 0.0
0.962458 0.020006 0.270692
-0.041466 0.996411 0.073793
-0.268244 -0.082247 0.959834
0.726994 0.217984 0.955922
532.000000 0.0 0.0
0.964157 0.017652 0.264746
-0.024826 0.999409 0.023773
-0.264170 -0.029493 0.964025
0.743427 0.144495 0.982218
532.000000 0.0 0.0
0.960591 0.013428 0.277641
-0.016317 0.999834 0.008099
-0.277486 -0.012310 0.960651
0.790250 0.081909 0.955442
532.000000 0.0 0.0
0.959007 -0.012333 0.283114
0.010475 0.999913 0.008075
-0.283189 -0.004778 0.959052
0.830138 0.024927 0.904695
532.000000 0.0 0.0
0.957700 -0.021747 0.286944
0.024113 0.999698 -0.004716
-0.286755 0.011436 0.957936
0.866926 0.069863 0.860793
532.000000 0.0 0.0
0.954335 -0.031222 0.297104
0.045048 0.998192 -0.039802
-0.295324 0.051368 0.954015
0.897228 0.121003 0.832737
532.000000 0.0 0.0
0.947751 -0.018127 0.318496
0.025350 0.999507 -0.018550
-0.318002 0.025654 0.947743
0.942318 0.243537 0.791512
532.000000 0.0 0.0
0.945189 -0.046812 0.323152
0.063610 0.997107 -0.041612
-0.320269 0.059887 0.945432
0.951767 0.251087 0.781550
532.000000 0.0 0.0
0.943460 -0.108308 0.313293
0.134798 0.988798 -0.064097
-0.302841 0.102705 0.947491
0.938038 0.272789 0.786132
532.000000 0.0 0.0
0.954277 -0.133225 0.267594
0.181035 0.969924 -0.162707
-0.237870 0.203712 0.949694
0.901824 0.201680 0.806170
532.000000 0.0 0.0
0.955452 -0.162841 0.246157
0.224362 0.942608 -0.247290
-0.191761 0.291502 0.937152
0.856985 0.142893 0.819198
532.000000 0.0 0.0
0.947351 -0.203922 0.246865
0.270454 0.922324 -0.275996
-0.171408 0.328230 0.928916
0.856660 0.154578 0.802515
532.000000 0.0 0.0
0.914681 -0.259385 0.309963
0.322460 0.930689 -0.172734
-0.243675 0.257947 0.934926
0.843430 0.270750 0.803867
532.000000 0.0 0.0
0.870612 -0.287526 0.399203
0.354083 0.929559 -0.102694
-0.341556 0.230758 0.911093
0.989575 0.353162 0.767921
532.000000 0.0 0.0
0.835253 -0.332380 0.438036
0.394938 0.916918 -0.057321
-0.382590 0.220875 0.897128
1.043057 0.504957 0.743717
532.000000 0.0 0.0
0.814433 -0.362045 0.453457
0.408373 0.912803 -0.004668
-0.412227 0.188982 0.891266
1.093136 0.601297 0.697514
532.000000 0.0 0.0
0.799597 -0.381339 0.463923
0.418264 0.907969 0.025438
-0.430928 0.173702 0.885510
1.132013 0.700649 0.657636
532.000000 0.0 0.0
0.775939 -0.404101 0.484377
0.435508 0.898677 0.052085
-0.456346 0.170536 0.873307
1.176629 0.769482 0.613797
532.000000 0.0 0.0
0.759576 -0.411549 0.503659
0.430347 0.898627 0.085272
-0.487695 0.151978 0.859684
1.198495 0.824943 0.569448
532.000000 0.0 0.0
0.725381 -0.429095 0.538239
0.439281 0.890571 0.117965
-0.529958 0.150868 0.834496
1.203139 0.853245 0.515717
532.000000 0.0 0.0
0.682311 -0.455174 0.572074
0.464077 0.874314 0.142149
-0.564875 0.168497 0.807790
1.196812 0.897048 0.463830
532.000000 0.0 0.0
0.655968 -0.469673 0.590858
0.488098 0.861065 0.142575
-0.575731 0.194872 0.794077
1.194039 0.923655 0.439493
532.000000 0.0 0.0
0.632969 -0.487578 0.601346
0.510554 0.846803 0.149194
-0.581966 0.212584 0.784936
1.203772 0.967229 0.402748
532.000000 0.0 0.0
0.624202 -0.492922 0.606136
0.515038 0.843007 0.155161
-0.587459 0.215331 0.780080
1.284097 1.011633 0.361991
532.000000 0.0 0.0
0.610954 -0.518091 0.598596
0.498313 0.839209 0.217743
-0.615158 0.165257 0.770889
1.337709 1.085033 0.315797
532.000000 0.0 0.0
0.584126 -0.523810 0.620016
0.438969 0.846403 0.301510
-0.682717 0.096048 0.724342
1.427560 1.154006 0.184897
532.000000 0.0 0.0
0.565175 -0.544457 0.619793
0.408309 0.837430 0.363312
-0.716841 0.047732 0.695601
1.471639 1.213713 0.085479
532.000000 0.0 0.0
0.543243 -0.558857 0.626551
0.402390 0.828284 0.389907
-0.736864 0.040303 0.674838
1.528434 1.272235 0.016252
532.000000 0.0 0.0
0.532074 -0.566544 0.629226
0.402068 0.823080 0.401098
-0.745143 0.039578 0.665729
1.606407 1.320567 -0.016960
532.000000 0.0 0.0
0.515233 -0.579571 0.631374
0.413813 0.813351 0.408925
-0.750529 0.050580 0.658899
1.667822 1.390341 -0.033287
532.000000 0.0 0.0
0.498796 -0.582949 0.641384
0.432960 0.808656 0.398274
-0.750832 0.079036 0.655748
1.726122 1.442375 -0.045864
532.000000 0.0 0.0
0.464224 -0.591155 0.659570
0.456696 0.797806 0.393617
-0.758897 0.118497 0.640339
1.756493 1.478969 -0.084327
532.000000 0.0 0.0
0.417880 -0.602916 0.679610
0.492450 0.778947 0.388244
-0.763459 0.172434 0.622412
1.747049 1.528389 -0.131721
532.000000 0.0 0.0
0.369247 -0.617727 0.694313
0.510897 0.759013 0.403588
-0.776300 0.205699 0.595858
1.728483 1.568201 -0.200112
532.000000 0.0 0.0
0.354676 -0.613797 0.705307
0.509144 0.759485 0.404914
-0.784205 0.215490 0.581882
1.802546 1.547974 -0.235650
532.000000 0.0 0.0
0.316776 -0.629765 0.709259
0.524284 0.739409 0.422375
-0.790430 0.238054 0.564403
1.778862 1.573104 -0.267397
532.000000 0.0 0.0
0.287288 -0.643905 0.709120
0.535749 0.721715 0.438292
-0.794001 0.253994 0.552312
1.770729 1.612352 -0.286939
532.000000 0.0 0.0
0.294647 -0.646834 0.703413
0.522868 0.725255 0.447899
-0.799870 0.235820 0.551903
1.891924 1.581275 -0.318812
532.000000 0.0 0.0
0.302759 -0.623772 0.720587
0.498876 0.747941 0.437844
-0.812071 0.226923 0.537630
2.035923 1.450768 -0.389067
532.000000 0.0 0.0
0.808901 -0.375347 0.452542
0.089088 0.839061 0.536693
-0.581156 -0.393816 0.712156
1.937627 1.352158 0.047229
532.000000 0.0 0.0
0.895537 -0.328285 0.300404
0.145192 0.853705 0.500107
-0.420634 -0.404248 0.812189
2.012130 1.421195 0.307847
532.000000 0.0 0.0
0.898847 -0.299925 0.319559
0.116441 0.866378 0.485624
-0.422510 -0.399292 0.813665
2.061791 1.350396 0.308696
532.000000 0.0 0.0
0.907638 -0.279211 0.313424
0.108600 0.877463 0.467188
-0.405462 -0.390000 0.826741
2.073853 1.310483 0.365726
532.000000 0.0 0.0
0.906506 -0.290407 0.306448
0.136977 0.888888 0.437168
-0.399355 -0.354319 0.845561
2.054293 1.320235 0.420695
532.000000 0.0 0.0
0.901110 -0.316565 0.296289
0.170815 0.887261 0.428475
-0.398526 -0.335492 0.853594
2.015404 1.369389 0.442509
532.000000 0.0 0.0
0.901650 -0.317714 0.293404
0.180208 0.892755 0.412934
-0.393132 -0.319448 0.862206
2.009043 1.365364 0.472784
532.000000 0.0 0.0
0.899257 -0.307110 0.311480
0.163153 0.896188 0.412587
-0.405854 -0.320203 0.856010
2.026814 1.333282 0.447848
532.000000 0.0 0.0
0.880772 -0.326506 0.342980
0.167547 0.892306 0.419187
-0.442910 -0.311743 0.840623
2.087157 1.297475 0.421296
532.000000 0.0 0.0
0.865164 -0.334871 0.373299
0.151438 0.884088 0.442103
-0.478077 -0.325960 0.815593
2.155349 1.289412 0.366434
532.000000 0.0 0.0
0.827506 -0.395211 0.398800
0.173372 0.855449 0.488006
-0.534018 -0.334687 0.776408
2.147555 1.356045 0.296385
532.000000 0.0 0.0
0.773163 -0.474213 0.421119
0.216560 0.821503 0.527479
-0.596088 -0.316630 0.737851
2.070237 1.394412 0.243414
532.000000 0.0 0.0
0.692433 -0.553291 0.463040
0.228028 0.776721 0.587118
-0.684500 -0.300954 0.663993
1.976481 1.433980 0.095706
532.000000 0.0 0.0
0.636675 -0.592483 0.493568
0.222132 0.753837 0.618374
-0.738446 -0.284066 0.611559
1.942528 1.447698 -0.022077
532.000000 0.0 0.0
0.570681 -0.625199 0.532400
0.222605 0.741847 0.632542
-0.790424 -0.242465 0.562530
1.930409 1.458092 -0.119037
532.000000 0.0 0.0
0.541321 -0.642956 0.541829
0.223071 0.731135 0.644733
-0.810685 -0.228142 0.539204
1.924565 1.485236 -0.172029
532.000000 0.0 0.0
0.536911 -0.645001 0.543784
0.260547 0.739835 0.620290
-0.802398 -0.191359 0.565279
1.975914 1.503927 -0.129859
532.000000 0.0 0.0
0.536687 -0.657373 0.528987
0.256382 0.724329 0.640012
-0.803888 -0.207863 0.557276
2.014893 1.519543 -0.140826
532.000000 0.0 0.0
0.539937 -0.656213 0.527118
0.298482 0.734825 0.609048
-0.787005 -0.171512 0.592627
2.045950 1.527540 -0.028447
532.000000 0.0 0.0
0.521864 -0.676695 0.519366
0.367894 0.727859 0.578684
-0.769618 -0.110923 0.628796
2.043670 1.577100 0.081743
532.000000 0.0 0.0
0.440037 -0.685170 0.580439
0.390891 0.728083 0.563116
-0.808438 -0.020903 0.588210
2.030975 1.531253 -0.012992
532.000000 0.0 0.0
0.199304 -0.706952 0.678599
0.383506 0.693529 0.609870
-0.901777 0.138697 0.409343
1.842787 1.498158 -0.434813
532.000000 0.0 0.0
0.144527 -0.724311 0.674155
0.372846 0.670955 0.640941
-0.916569 0.158722 0.367027
1.771268 1.513451 -0.537187
532.000000 0.0 0.0
0.097510 -0.752232 0.651644
0.385165 0.632265 0.672227
-0.917682 0.185442 0.351385
1.700841 1.562120 -0.588388
532.000000 0.0 0.0
0.040038 -0.769183 0.637773
0.406325 0.595660 0.692885
-0.912851 0.231401 0.336387
1.639990 1.615581 -0.631646
532.000000 0.0 0.0
0.012418 -0.778437 0.627600
0.443472 0.566830 0.694288
-0.896202 0.269701 0.352254
1.631438 1.671901 -0.587946
532.000000 0.0 0.0
-0.016588 -0.783214 0.621531
0.484776 0.537367 0.690094
-0.874481 0.312751 0.370769
1.619886 1.732973 -0.545137
532.000000 0.0 0.0
-0.054224 -0.787962 0.613332
0.513629 0.504733 0.693851
-0.856297 0.352648 0.377352
1.597142 1.777121 -0.529368
532.000000 0.0 0.0
-0.125958 -0.786079 0.605157
0.504113 0.474665 0.721501
-0.854403 0.395946 0.336485
1.514997 1.809568 -0.626066
532.000000 0.0 0.0
-0.210423 -0.778863 0.590842
0.482416 0.442937 0.755699
-0.850292 0.444048 0.282532
1.407970 1.840934 -0.768152
532.000000 0.0 0.0
-0.278076 -0.766970 0.578299
0.462554 0.420725 0.780407
-0.841854 0.484507 0.237772
1.327992 1.854263 -0.887978
532.000000 0.0 0.0
-0.383349 -0.719819 0.578708
0.429723 0.415620 0.801622
-0.817546 0.555986 0.149996
1.166348 1.844026 -1.114422
532.000000 0.0 0.0
-0.447771 -0.705137 0.549803
0.394242 0.396200 0.829216
-0.802543 0.588054 0.100587
1.025980 1.847393 -1.235567
532.000000 0.0 0.0
-0.458464 -0.728064 0.509641
0.379857 0.357901 0.853004
-0.803442 0.584662 0.112476
0.979957 1.902114 -1.195261
532.000000 0.0 0.0
-0.479507 -0.727544 0.490666
0.324638 0.372402 0.869441
-0.815282 0.576191 0.057619
0.924389 1.860386 -1.335484
532.000000 0.0 0.0
-0.481680 -0.728472 0.487148
0.321645 0.370130 0.871521
-0.815186 0.576483 0.056025
0.952907 1.899157 -1.321171
532.000000 0.0 0.0
-0.486019 -0.733470 0.475192
0.318742 0.357512 0.877832
-0.813750 0.578107 0.060030
0.982951 1.931140 -1.292787
532.000000 0.0 0.0
-0.497571 -0.746338 0.442044
0.299185 0.330672 0.895067
-0.814193 0.577613 0.058761
0.969609 1.945629 -1.281724
532.000000 0.0 0.0
-0.514570 -0.751942 0.412069
0.276790 0.309181 0.909832
-0.811545 0.582229 0.049034
0.929806 1.970558 -1.284259
532.000000 0.0 0.0
-0.522169 -0.767877 0.371085
0.120462 0.364346 0.923440
-0.844292 0.526893 -0.097749
0.870053 1.758339 -1.588429
532.000000 0.0 0.0
-0.568046 -0.746906 0.345624
0.092066 0.359652 0.928533
-0.817831 0.559269 -0.135535
0.820816 1.590775 -1.684242
532.000000 0.0 0.0
-0.569176 -0.759761 0.314327
0.004193 0.379605 0.925139
-0.822205 0.527885 -0.212876
0.770021 1.471454 -1.811885
532.000000 0.0 0.0
-0.588919 -0.752393 0.295092
-0.002755 0.366993 0.930220
-0.808187 0.547011 -0.218202
0.729925 1.438263 -1.838651
532.000000 0.0 0.0
-0.577657 -0.770800 0.268660
0.022879 0.313710 0.949243
-0.815959 0.554484 -0.163581
0.698919 1.623604 -1.713303
532.000000 0.0 0.0
-0.571725 -0.757034 0.316277
0.148486 0.283653 0.947361
-0.806897 0.588592 -0.049762
0.804399 1.905740 -1.450114
532.000000 0.0 0.0
-0.597417 -0.741049 0.306495
0.272448 0.171905 0.946689
-0.754231 0.649073 0.099199
0.728905 2.140856 -1.139702
532.000000 0.0 0.0
-0.616475 -0.725333 0.306350
0.307897 0.136023 0.941646
-0.724678 0.674825 0.139473
0.699299 2.208593 -1.061506
532.000000 0.0 0.0
-0.592389 -0.747813 0.299753
0.320011 0.123044 0.939390
-0.739370 0.652408 0.166419
0.738597 2.240633 -1.016741
532.000000 0.0 0.0
-0.591105 -0.757413 0.277346
0.291629 0.119900 0.948987
-0.752029 0.641833 0.150010
0.739645 2.220187 -1.072524
532.000000 0.0 0.0
-0.576200 -0.775534 0.257956
0.286264 0.104125 0.952476
-0.765537 0.622660 0.162010
0.790167 2.211630 -1.045629
532.000000 0.0 0.0
-0.573754 -0.792573 0.206480
0.305276 0.026990 0.951881
-0.760008 0.609179 0.226469
0.735676 2.267480 -0.886683
532.000000 0.0 0.0
-0.578061 -0.795189 0.183085
0.251916 0.039500 0.966943
-0.776134 0.605073 0.177488
0.736165 2.219219 -1.022569
532.000000 0.0 0.0
-0.592043 -0.794934 0.132533
0.198995 0.015163 0.979883
-0.780952 0.606507 0.149211
0.635617 2.186097 -1.087271
532.000000 0.0 0.0
-0.610757 -0.786323 0.093125
0.145795 0.003922 0.989307
-0.778280 0.617803 0.112246
0.569870 2.132823 -1.174401
532.000000 0.0 0.0
-0.626854 -0.777386 0.052205
0.075793 0.005844 0.997106
-0.775442 0.628997 0.055257
0.513571 2.017468 -1.323834
532.000000 0.0 0.0
-0.656745 -0.753884 0.018579
0.006853 0.018670 0.999802
-0.754082 0.656742 -0.007095
0.476528 1.851433 -1.482503
532.000000 0.0 0.0
-0.683488 -0.729951 0.003920
-0.021180 0.025199 0.999458
-0.729654 0.683035 -0.032683
0.416374 1.780081 -1.551031
532.000000 0.0 0.0
-0.693624 -0.719173 0.040942
0.030331 0.027628 0.999158
-0.719698 0.694282 0.002649
0.463440 1.832828 -1.464304
532.000000 0.0 0.0
-0.706784 -0.704377 0.065643
0.108688 -0.016431 0.993940
-0.699030 0.709636 0.088171
0.447388 2.005095 -1.243541
532.000000 0.0 0.0
-0.740516 -0.662366 0.113610
0.205754 -0.062521 0.976604
-0.639767 0.746567 0.182583
0.477885 2.104698 -1.032891
532.000000 0.0 0.0
-0.736096 -0.660896 0.146216
0.261704 -0.078664 0.961937
-0.624239 0.746343 0.230864
0.454319 2.206056 -0.883034
532.000000 0.0 0.0
-0.790956 -0.593490 0.148857
0.257996 -0.102890 0.960652
-0.554821 0.798238 0.234500
0.318979 2.218905 -0.876621
532.000000 0.0 0.0
-0.839882 -0.525858 0.134430
0.219839 -0.103130 0.970070
-0.496255 0.844297 0.202221
0.148242 2.187993 -0.962609
532.000000 0.0 0.0
-0.860721 -0.496135 0.114057
0.171685 -0.071975 0.982519
-0.479253 0.865257 0.147129
0.048998 2.087972 -1.087406
532.000000 0.0 0.0
-0.873262 -0.471162 0.124175
0.167438 -0.050848 0.984571
-0.457578 0.880580 0.123294
0.046646 2.054692 -1.143091
532.000000 0.0 0.0
-0.869537 -0.477445 0.126297
0.175371 -0.059438 0.982707
-0.461682 0.876649 0.135414
0.111434 2.058310 -1.110895
532.000000 0.0 0.0
-0.871723 -0.468794 0.142587
0.197403 -0.069654 0.977845
-0.448476 0.880557 0.153260
0.186359 2.084219 -1.081752
532.000000 0.0 0.0
-0.883264 -0.449577 0.133137
0.196756 -0.097651 0.975578
-0.425596 0.887888 0.174708
0.134578 2.121820 -1.043816
532.000000 0.0 0.0
-0.911607 -0.398893 0.099283
0.175379 -0.158978 0.971580
-0.371773 0.903112 0.214883
-0.020534 2.191231 -0.979783
532.000000 0.0 0.0
-0.965009 -0.251599 0.073862
0.130456 -0.216315 0.967569
-0.227462 0.943348 0.241569
-0.351707 2.226299 -0.894122
532.000000 0.0 0.0
-0.981269 -0.177537 0.074779
0.118136 -0.247949 0.961543
-0.152168 0.952367 0.264278
-0.449799 2.245049 -0.837925
532.000000 0.0 0.0
-0.991673 -0.124524 0.032831
0.067512 -0.285608 0.955966
-0.109664 0.950222 0.291636
-0.580954 2.278698 -0.772191
532.000000 0.0 0.0
-0.988357 0.144306 -0.048238
-0.098568 -0.365731 0.925486
0.115911 0.919465 0.375697
-1.044825 2.198745 -0.538506
532.000000 0.0 0.0
-0.968872 0.229912 -0.091800
-0.179285 -0.395923 0.900612
0.170716 0.889036 0.424819
-1.163136 2.141489 -0.399288
532.000000 0.0 0.0
-0.934218 0.333044 -0.127741
-0.264430 -0.406271 0.874655
0.239401 0.850897 0.467612
-1.302916 2.035340 -0.255206
532.000000 0.0 0.0
-0.886732 0.451076 -0.101178
-0.309044 -0.415652 0.855409
0.343800 0.789787 0.507975
-1.401043 1.967392 -0.104061
532.000000 0.0 0.0
-0.836361 0.538881 -0.100537
-0.373339 -0.425651 0.824281
0.401396 0.726931 0.557183
-1.459709 1.917707 0.050407
532.000000 0.0 0.0
-0.810626 0.571629 -0.126990
-0.417662 -0.412428 0.809606
0.410420 0.709326 0.573072
-1.493652 1.843524 0.105754
532.000000 0.0 0.0
-0.811682 0.570486 -0.125374
-0.428725 -0.436104 0.791207
0.396697 0.695959 0.598559
-1.448303 1.831481 0.170566
532.000000 0.0 0.0
0.402825 -0.703674 0.585299
0.602702 0.685195 0.408972
-0.688826 0.188017 0.700120
1.440668 1.257707 0.695684
532.000000 0.0 0.0
0.450791 -0.695815 0.559132
0.593884 0.701427 0.394084
-0.666400 0.154410 0.729431
1.386419 1.252169 0.752866
532.000000 0.0 0.0
0.467208 -0.673506 0.572806
0.573389 0.723958 0.383548
-0.673009 0.149244 0.724420
1.346596 1.210529 0.743780
532.000000 0.0 0.0
0.473034 -0.621768 0.624215
0.533878 0.765890 0.358311
-0.700866 0.163761 0.694240
1.359800 1.129080 0.667431
0.198729 -0.512325 -1.668367
8 10 5
19 5 19 242.25 -255.20 14 34 394.23 -338.40 0 25 208.37 -221.59 1 22 205.67 -228.97 2 23 201.87 -234.66 3 22 212.48 -241.81 4 23 225.29 -250.34 6 21 258.11 -257.77 7 21 274.63 -258.04 8 21 279.19 -268.33 9 21 285.26 -294.61 10 34 304.20 -311.36 13 25 391.48 -329.39 11 29 340.28 -350.34 15 32 395.74 -354.25 12 23 371.89 -341.62 18 30 375.74 -137.57 16 40 392.79 -284.18 17 38 384.00 -197.50
0.243497 -0.430524 -1.640798
160 135 84
31 5 28 286.18 -194.17 14 27 439.80 -284.44 0 34 252.58 -160.50 1 29 250.21 -167.78 2 31 246.36 -173.34 3 28 256.31 -180.18 4 31 269.60 -188.64 6 26 302.16 -194.35 7 29 318.31 -194.17 8 32 321.27 -204.83 9 34 327.86 -231.90 10 39 346.46 -251.41 13 29 438.82 -271.04 11 34 384.93 -288.97 15 25 437.72 -302.76 12 27 418.37 -282.14 19 19 410.99 -56.06 22 23 449.23 119.14 23 20 448.30 163.41 18 20 411.53 -93.54 20 19 420.78 -7.90 21 27 446.19 58.19 16 17 433.49 -236.27 17 23 421.74 -151.32 26 29 387.53 178.26 25 25 392.05 124.20 29 25 390.14 215.01 30 26 376.62 211.61 32 36 305.35 202.96 27 24 392.13 179.21 24 33 396.60 140.87
0.168917 -0.434936 -1.668584
24 17 9
25 5 49 221.82 -194.99 14 37 374.25 -284.29 0 49 189.74 -160.21 1 44 187.54 -167.53 2 48 184.11 -172.89 3 48 193.82 -179.81 4 54 206.90 -188.08 6 53 237.29 -195.77 7 55 252.77 -196.24 8 40 257.15 -205.67 9 56 263.63 -232.98 10 60 282.02 -251.81 13 40 371.08 -270.27 11 44 318.30 -288.67 15 35 378.12 -301.95 12 39 351.10 -280.80 19 29 360.32 -58.11 22 30 398.92 110.18 23 26 397.76 151.28 18 37 359.71 -94.37 20 32 370.89 -12.47 21 39 396.03 52.40 16 44 377.84 -235.91 17 43 369.58 -150.87 24 39 346.70 124.81
0.035064 -0.551299 -1.695868
26 98 24
21 5 45 121.03 -285.72 14 72 273.02 -382.85 0 63 87.31 -247.93 1 56 85.48 -255.41 2 56 81.36 -260.98 3 44 90.65 -268.46 4 66 102.94 -277.29 6 49 137.47 -288.85 8 51 156.55 -300.80 9 54 162.66 -328.41 10 58 179.43 -348.63 13 78 263.63 -371.20 11 62 211.35 -390.21 15 61 282.09 -396.17 12 49 241.33 -382.72 19 54 284.60 -139.70 18 72 279.25 -175.33 20 77 300.68 -96.89 21 88 328.58 -33.42 16 90 287.49 -323.70 17 89 284.02 -234.48
0.083424 -0.528276 -1.682640
23 93 21
20 5 62 160.73 -267.74 14 74 313.01 -364.15 0 66 126.87 -231.59 1 59 124.32 -238.58 2 58 121.00 -244.17 3 62 130.58 -251.37 4 68 143.51 -260.29 6 61 177.03 -270.26 7 66 193.77 -271.48 8 69 195.83 -281.96 9 68 202.57 -309.55 10 76 219.59 -329.69 13 80 305.11 -352.13 11 89 253.44 -370.72 12 77 283.51 -363.59 19 84 313.74 -123.32 18 74 310.43 -159.87 20 104 326.99 -79.31 16 91 323.01 -308.43 17 68 317.87 -220.35
0.313037 -0.423868 -1.625789
20 15 12
15 5 66 338.15 -188.97 14 91 487.56 -277.29 0 70 304.38 -156.32 1 62 301.54 -163.47 2 61 297.95 -169.12 3 65 308.57 -176.23 4 72 321.97 -184.39 6 92 354.20 -187.37 7 71 370.17 -187.41 8 73 373.75 -198.76 9 69 380.03 -225.48 10 77 399.56 -245.24 13 82 491.14 -263.95 11 65 438.53 -285.50 12 81 473.06 -275.56
0.013327 -0.521131 -1.693472
20 88 15
20 5 188 105.30 -262.51 14 179 261.56 -362.10 0 162 71.94 -225.21 1 164 69.94 -232.24 2 161 66.65 -237.90 3 177 75.93 -245.05 4 192 88.70 -254.16 6 175 121.63 -265.65 7 190 137.85 -267.34 8 198 141.10 -277.62 9 193 147.76 -305.02 10 208 164.87 -325.28 13 148 250.72 -348.16 11 195 197.38 -365.93 15 146 273.29 -376.43 12 143 227.85 -358.78 19 114 276.22 -124.71 20 102 291.60 -82.38 16 144 279.94 -305.94 17 114 277.23 -217.94
0.143241 -0.476934 -1.658227
24 117 23
17 5 193 212.46 -229.38 14 187 366.69 -326.12 0 166 178.31 -194.27 1 169 176.21 -201.39 2 164 172.85 -206.91 3 182 183.01 -213.95 4 197 195.70 -222.68 6 179 228.55 -231.01 7 195 244.41 -231.69 8 208 247.56 -241.83 9 200 254.16 -269.57 10 213 273.27 -289.37 13 195 361.92 -312.38 11 199 308.82 -329.10 15 151 370.86 -341.69 12 176 341.04 -322.72 18 146 354.92 -126.91
-0.214875 -0.126025 -1.766042
152 87 8
15 5 205 -65.33 55.11 14 125 70.48 -45.20 0 176 -90.02 92.21 1 184 -91.93 84.54 2 181 -95.10 78.57 3 193 -88.00 73.25 4 205 -76.76 65.25 6 195 -54.84 49.55 7 208 -42.81 46.85 8 225 -38.59 39.00 9 214 -33.22 12.17 10 236 -20.01 -2.30 13 155 53.52 -15.01 11 154 4.23 -32.10 15 161 90.93 -86.54
0.362140 -0.802361 -1.744864
29 23 9
3 5 228 305.01 -449.54 14 299 423.50 -483.55 0 189 264.14 -412.52
-0.045981 -0.549951 -1.713862
53 113 44
11 5 266 54.27 -283.58 14 173 210.17 -383.91 0 204 21.04 -245.54 1 162 17.40 -252.99 2 157 14.13 -258.75 3 243 24.34 -265.65 4 260 37.28 -274.62 6 239 70.94 -287.67 7 245 87.25 -289.77 9 262 96.97 -327.97 10 271 113.93 -348.53
0.133795 -0.486064 -1.657039
191 202 144
12 5 191 206.81 -237.39 14 184 361.74 -334.58 0 205 172.78 -202.29 1 216 170.61 -209.32 3 181 177.02 -221.85 4 196 190.06 -230.69 6 177 222.95 -239.25 7 252 239.00 -240.30 8 204 242.72 -250.53 9 197 249.16 -278.25 10 140 268.38 -298.50 13 191 356.96 -321.52
0.115812 -0.479919 -1.665613
208 220 147
14 5 275 189.80 -230.95 14 185 344.96 -328.44 0 206 156.18 -195.52 1 217 153.93 -202.61 2 218 150.53 -208.18 3 248 160.42 -215.13 4 270 173.63 -223.76 6 245 205.73 -232.89 7 253 221.83 -233.80 8 205 225.66 -244.13 9 198 232.14 -271.84 10 211 250.63 -291.84 13 192 338.76 -314.41 11 143 286.67 -331.94
0.115481 -0.479863 -1.665109
208 220 147
15 5 277 189.80 -230.95 14 186 344.96 -328.44 0 208 156.18 -195.52 1 219 153.93 -202.61 2 220 150.53 -208.18 3 249 160.42 -215.13 4 271 173.63 -223.76 6 247 205.73 -232.89 7 255 221.83 -233.80 8 207 225.66 -244.13 9 199 232.14 -271.84 10 212 250.63 -291.84 13 194 338.76 -314.41 11 144 286.67 -331.94 18 104 338.60 -130.72
0.150156 -0.468590 -1.656662
218 218 165
14 5 280 217.69 -222.46 14 235 372.07 -319.40 0 210 183.93 -187.53 1 221 181.65 -194.66 2 222 178.24 -200.36 3 252 188.19 -207.23 4 274 201.27 -215.94 6 249 233.40 -223.94 7 258 249.68 -224.57 8 292 253.22 -235.02 9 274 259.73 -262.62 10 284 278.34 -282.67 13 260 367.83 -305.15 11 245 314.74 -322.57
0.142554 -0.462440 -1.661614
16 89 11
11 5 282 210.26 -216.49 14 191 362.59 -312.44 0 212 177.05 -181.59 3 385 181.59 -200.80 4 423 193.93 -209.62 7 260 242.15 -218.83 8 293 244.89 -229.65 9 276 251.61 -256.81 10 285 269.64 -276.18 13 199 358.13 -298.70 19 155 353.88 -83.15
-0.129007 -0.083103 -1.741144
112 65 40
15 5 337 1.90 82.22 14 276 138.57 -13.14 0 248 -22.84 118.09 1 258 -24.86 110.24 2 257 -28.18 104.24 3 312 -20.55 98.99 4 336 -8.90 91.10 6 295 12.18 77.76 7 320 24.23 75.61 8 342 28.60 68.42 9 320 33.61 42.05 10 341 48.17 27.24 13 319 125.00 17.16 11 272 73.74 -0.17 15 289 155.26 -55.11
0.677160 -0.630331 -1.491392
22 14 0
14 5 389 682.97 -387.34 14 454 824.34 -462.57 0 281 638.47 -356.86 1 294 635.79 -364.12 2 288 631.85 -369.74 3 352 645.59 -378.00 4 385 661.18 -386.42 6 337 703.44 -382.39 7 375 723.26 -379.49 8 389 727.17 -392.57 9 370 733.80 -420.57 10 398 757.12 -443.73 11 236 808.16 -489.29 12 242 845.81 -483.41
0.403812 -0.526472 -1.498694
89 87 66
11 5 256 510.41 -307.30 14 221 679.40 -423.88 0 295 468.85 -274.51 1 209 466.16 -281.55 2 208 462.44 -286.89 3 232 474.69 -295.30 4 252 489.96 -304.22 6 234 529.67 -304.68 7 241 548.76 -303.18 8 187 553.02 -317.04 9 179 560.71 -347.73
0.401916 -0.525830 -1.497827
89 87 66
10 5 257 510.41 -307.30 14 222 679.40 -423.88 0 296 468.85 -274.51 2 209 462.44 -286.89 3 233 474.69 -295.30 4 253 489.96 -304.22 6 235 529.67 -304.68 7 242 548.76 -303.18 8 188 553.02 -317.04 9 180 560.71 -347.73
0.020517 -0.524334 -1.689193
213 230 159
11 5 270 112.61 -265.80 14 177 270.11 -366.03 0 308 78.49 -229.38 1 315 76.59 -236.01 2 217 73.34 -241.58 4 267 95.75 -257.61 6 241 128.80 -269.12 7 250 145.06 -270.81 8 286 148.43 -280.99 9 269 155.06 -308.86 10 275 172.75 -329.23
0.161422 -0.458002 -1.650653
207 224 153
19 5 412 227.80 -214.24 14 239 381.71 -310.19 0 315 194.21 -179.94 1 319 192.08 -186.94 2 326 188.41 -192.71 3 254 198.46 -199.29 6 361 243.52 -216.00 7 398 259.71 -216.03 8 295 263.28 -226.57 9 279 269.83 -254.15 10 288 288.52 -274.09 13 261 378.33 -295.94 12 222 357.62 -305.95 19 261 367.87 -78.99 23 222 411.59 132.29 20 164 379.78 -32.46 21 190 406.11 32.14 26 444 360.05 140.76 25 217 360.26 89.07
0.213660 -0.435631 -1.642364
214 228 156
17 5 286 266.44 -196.91 14 246 419.44 -291.13 0 317 232.69 -163.00 1 226 230.56 -170.33 2 226 227.01 -175.85 3 256 237.06 -182.52 4 276 250.26 -191.11 6 254 281.99 -197.60 7 264 298.18 -197.64 8 297 301.87 -207.89 9 280 308.21 -235.51 10 219 327.62 -255.09 13 267 418.46 -276.51 12 224 398.35 -286.53 19 203 396.36 -62.62 22 216 435.94 110.03 21 192 432.57 50.39
-0.085574 -0.440807 -1.852228
98 11 6
7 5 431 -3.69 -174.68 14 334 127.55 -246.29 0 325 -32.32 -138.00 1 328 -34.16 -145.08 2 333 -37.36 -151.03 3 394 -29.21 -157.28 10 416 45.68 -229.97
-0.085610 -0.440815 -1.851088
98 11 6
9 5 432 -3.69 -174.68 14 335 127.55 -246.29 0 326 -32.32 -138.00 1 329 -34.16 -145.08 2 334 -37.36 -151.03 3 395 -29.21 -157.28 6 374 9.56 -179.71 10 417 45.68 -229.97 13 373 114.60 -234.10
-0.278569 -0.429699 -1.907700
107 52 12
12 5 439 -137.98 -159.97 14 338 -9.31 -238.73 0 333 -164.77 -121.11 1 333 -166.57 -128.14 2 340 -169.78 -134.27 3 401 -162.30 -140.42 4 441 -151.46 -148.69 6 381 -124.43 -167.06 7 416 -110.39 -170.47 8 428 -108.24 -177.86 9 414 -103.13 -202.65 10 420 -91.23 -217.86
-0.051926 -0.377359 -1.834404
78 1 3
12 5 453 22.87 -132.53 14 578 152.89 -205.81 0 340 -5.12 -96.22 1 340 -6.68 -103.59 2 346 -10.21 -109.45 3 413 -2.01 -115.53 4 450 9.43 -123.71 6 392 35.90 -136.51 7 425 49.74 -138.61 9 426 57.96 -171.20 10 426 72.02 -186.50 13 681 141.97 -191.01
-0.231784 -0.362278 -1.864988
151 87 20
5 5 469 -99.67 -117.33 14 353 31.82 -201.57 0 345 -126.34 -79.08 3 430 -123.73 -98.52 4 470 -112.52 -106.56
-0.243305 -0.322157 -1.850473
112 58 14
13 5 491 -104.51 -89.04 14 364 27.35 -176.68 0 356 -130.77 -50.59 1 364 -132.72 -57.98 2 229 -136.13 -63.89 3 268 -128.64 -69.90 4 289 -117.40 -78.21 6 263 -92.30 -95.24 7 277 -78.67 -98.21 9 445 -69.64 -131.20 10 440 -57.23 -147.13 13 278 9.34 -156.71 11 331 -35.80 -178.26
-0.007503 -0.273402 -1.812828
75 5 1
12 5 512 58.17 -63.93 14 633 187.61 -136.87 0 363 31.45 -28.89 1 376 29.22 -36.26 2 380 25.91 -42.28 3 465 34.21 -47.88 4 498 45.65 -55.77 6 454 70.05 -67.44 7 500 83.60 -68.96 8 467 86.74 -76.47 9 455 91.75 -101.33 10 455 106.44 -115.98
-0.329163 -0.236813 -1.865398
102 59 8
11 5 533 -161.12 -26.12 14 376 -33.35 -117.71 0 378 -185.86 12.66 1 397 -187.52 5.04 4 528 -172.64 -14.94 6 474 -149.74 -33.49 7 526 -136.50 -37.44 8 486 -133.65 -44.20 10 482 -116.75 -84.56 13 436 -54.03 -93.62 11 348 -96.93 -114.21
-0.329015 -0.236950 -1.866346
102 59 8
13 5 534 -161.12 -26.12 14 377 -33.35 -117.71 0 379 -185.86 12.66 1 398 -187.52 5.04 2 396 -189.72 -1.93 4 529 -172.64 -14.94 6 475 -149.74 -33.49 7 527 -136.50 -37.44 8 487 -133.65 -44.20 9 469 -128.87 -69.67 10 483 -116.75 -84.56 13 437 -54.03 -93.62 11 349 -96.93 -114.21
-0.349658 -0.238121 -1.884139
160 113 32
14 5 1030 -173.59 -28.32 14 646 -48.09 -117.95 0 380 -201.56 12.59 1 395 -202.55 4.63 2 699 -203.43 -2.45 3 483 -198.38 -7.40 6 472 -165.06 -34.48 7 524 -152.30 -38.26 8 488 -149.48 -44.91 9 468 -142.52 -71.39 10 480 -132.86 -85.09 13 438 -71.85 -92.94 11 350 -113.86 -114.44 15 369 -24.20 -151.45
-0.364268 -0.232930 -1.901861
158 112 31
13 5 535 -185.04 -24.25 14 378 -60.39 -113.40 0 382 -208.85 14.79 1 399 -210.41 7.27 2 703 -216.34 2.27 3 948 -206.52 -4.58 4 1031 -199.09 -11.47 6 476 -173.02 -32.05 7 528 -160.29 -35.99 8 490 -157.60 -42.69 9 470 -152.71 -68.17 10 855 -144.37 -81.22 15 378 -39.13 -145.36
-0.362476 -0.234405 -1.888693
158 112 31
9 5 536 -185.04 -24.25 14 379 -60.39 -113.40 0 383 -208.85 14.79 1 400 -210.41 7.27 3 949 -206.52 -4.58 6 477 -173.02 -32.05 7 529 -160.29 -35.99 8 491 -157.60 -42.69 9 471 -152.71 -68.17
-0.139637 -0.195590 -1.781612
93 34 0
12 5 554 -18.04 -2.08 14 384 117.25 -93.56 0 391 -43.88 34.44 1 410 -45.48 26.80 2 404 -48.87 20.70 3 500 -41.38 15.30 4 548 -29.91 7.13 6 490 -6.61 -6.99 8 515 9.84 -16.80 9 486 15.08 -42.79 10 503 29.06 -57.90 11 362 53.98 -87.29
-0.139487 -0.195514 -1.781936
93 34 0
14 5 555 -18.04 -2.08 14 385 117.25 -93.56 0 392 -43.88 34.44 1 411 -45.48 26.80 2 405 -48.87 20.70 3 501 -41.38 15.30 4 549 -29.91 7.13 6 491 -6.61 -6.99 7 545 6.07 -9.32 8 516 9.84 -16.80 9 487 15.08 -42.79 10 504 29.06 -57.90 13 448 102.77 -68.57 11 363 53.98 -87.29
-0.357881 -0.198413 -1.864624
103 62 10
13 5 558 -178.87 1.50 14 668 -52.74 -91.06 0 397 -203.66 41.11 1 422 -205.21 33.42 2 411 -208.51 27.09 3 511 -201.73 21.33 4 554 -189.95 13.06 6 493 -168.36 -5.71 7 546 -155.97 -9.69 8 517 -152.28 -16.33 9 901 -147.19 -42.19 13 451 -74.63 -65.20 11 550 -116.90 -85.63
-0.142114 -0.180941 -1.777149
98 37 4
13 5 565 -18.31 8.69 14 391 117.18 -83.46 0 402 -44.07 45.33 1 426 -45.93 37.74 2 415 -49.25 31.60 3 518 -41.52 26.01 4 562 -30.04 17.94 6 501 -7.03 3.84 7 558 5.45 1.59 8 523 9.33 -5.82 9 494 14.50 -31.79 10 515 28.87 -47.13 11 369 53.50 -76.02
-0.159410 -0.158450 -1.771542
100 45 21
11 5 583 -28.17 26.66 14 268 107.64 -67.94 0 413 -53.75 63.22 1 444 -55.53 55.62 2 433 -59.20 49.35 3 539 -51.13 44.18 7 301 -4.80 19.12 10 313 18.77 -29.45 13 293 92.46 -40.91 11 260 43.57 -58.30 12 232 69.29 -49.73
-0.378821 -0.147758 -1.860588
106 60 8
14 5 593 -191.20 38.63 14 401 -68.00 -54.76 0 430 -214.39 77.42 1 465 -216.31 69.99 2 453 -219.27 63.51 3 563 -212.53 58.20 4 598 -201.66 50.06 6 525 -180.38 30.29 7 589 -168.05 26.04 8 547 -164.90 19.79 9 521 -160.74 -5.59 10 533 -149.32 -19.75 13 494 -87.45 -28.63 11 375 -131.61 -47.38
-0.378821 -0.147758 -1.860588
106 60 8
14 5 594 -191.20 38.63 14 402 -68.00 -54.76 0 431 -214.39 77.42 1 466 -216.31 69.99 2 454 -219.27 63.51 3 564 -212.53 58.20 4 599 -201.66 50.06 6 526 -180.38 30.29 7 590 -168.05 26.04 8 548 -164.90 19.79 9 522 -160.74 -5.59 10 534 -149.32 -19.75 13 495 -87.45 -28.63 11 376 -131.61 -47.38
-0.111064 -0.356291 -1.828678
87 3 3
14 5 924 -13.60 -116.89 14 588 118.68 -196.52 0 630 -40.83 -80.22 1 677 -42.60 -87.24 2 646 -46.02 -93.23 3 866 -38.24 -99.19 4 918 -26.86 -107.52 6 787 -0.53 -121.67 7 873 13.36 -123.87 8 805 16.11 -132.11 9 804 21.40 -157.07 10 432 35.17 -172.71 13 699 105.56 -180.66 11 321 59.67 -203.08
-0.074912 -0.353956 -1.834773
80 0 1
15 5 929 8.45 -116.00 14 603 140.34 -192.43 0 632 -19.06 -79.36 1 680 -20.99 -86.45 2 647 -24.35 -92.45 3 865 -16.24 -98.89 4 926 -4.80 -107.00 6 790 21.18 -120.60 7 874 35.04 -122.54 8 807 38.12 -130.26 9 807 43.40 -154.84 10 783 57.55 -170.57 13 705 128.12 -176.31 11 509 82.74 -200.63 15 339 154.53 -215.31
0.014510 -0.348257 -1.838245
132 38 22
11 5 1560 63.15 -114.46 14 1569 190.60 -180.92 0 634 36.05 -78.89 1 1128 33.95 -86.40 2 1083 30.72 -92.33 3 867 38.58 -98.32 4 1514 50.03 -106.42 6 1323 76.14 -117.91 7 1438 89.68 -119.34 9 1363 98.17 -151.12 13 1114 181.88 -166.92
-0.107357 -0.316124 -1.823383
78 3 4
14 5 964 -8.38 -90.60 14 614 124.58 -171.66 0 657 -35.94 -52.28 1 705 -37.77 -59.71 2 668 -41.18 -65.65 3 445 -32.80 -73.07 4 964 -21.57 -80.52 6 1362 3.44 -93.29 7 911 17.18 -95.82 8 830 20.49 -103.81 9 1391 25.45 -128.88 10 820 39.78 -144.97 13 730 110.70 -153.10 15 632 140.13 -198.28
-0.044105 -0.284823 -1.810295
74 0 2
12 5 991 35.61 -70.08 14 625 166.89 -147.41 0 667 8.87 -34.52 1 717 6.96 -41.93 2 1149 4.09 -47.74 3 920 11.52 -53.34 4 989 23.08 -61.90 6 1389 47.95 -73.58 7 929 61.26 -75.84 8 847 64.72 -83.53 9 845 69.85 -108.46 10 832 84.24 -123.67
-0.360504 -0.257936 -1.895469
108 60 0
13 5 521 -184.35 -40.73 14 373 -60.07 -128.18 0 677 -209.55 -1.26 1 384 -210.88 -8.90 2 387 -213.96 -15.03 4 510 -196.00 -29.18 6 459 -172.94 -48.32 7 952 -160.33 -52.11 8 478 -157.23 -59.06 9 461 -152.47 -84.23 10 463 -140.91 -99.00 13 423 -79.90 -105.85 11 339 -122.31 -128.44
-0.284185 -0.244759 -1.840172
94 48 2
9 5 1024 -128.43 -32.85 14 638 2.22 -126.16 0 683 -153.99 5.81 1 737 -155.57 -1.56 3 940 -151.66 -13.54 4 1019 -140.36 -22.03 7 962 -103.96 -42.77 10 849 -82.87 -91.43 13 778 -16.56 -101.94
-0.380169 -0.239992 -1.913611
157 109 38
9 5 1671 -196.82 -28.56 14 1085 -75.45 -114.66 0 690 -220.58 10.18 1 1230 -222.33 2.62 2 698 -224.86 -3.61 3 1513 -218.78 -8.88 4 1024 -207.07 -17.63 6 1434 -185.07 -37.17 7 963 -172.26 -41.26
-0.352484 -0.193992 -1.861590
155 104 29
9 5 1052 -174.74 4.60 14 673 -49.28 -87.87 0 712 -199.38 43.92 1 760 -200.81 36.29 4 1057 -186.19 16.31 7 991 -151.51 -6.58 8 897 -148.43 -13.38 9 904 -143.88 -38.82 10 869 -131.85 -53.41
-0.379107 -0.190451 -1.885872
94 58 1
14 5 1055 -193.03 6.28 14 683 -71.95 -82.74 0 715 -217.26 45.69 1 1266 -218.67 38.15 2 716 -222.01 31.89 3 971 -215.11 26.25 4 1060 -204.47 18.15 6 893 -182.34 -1.41 7 994 -170.08 -5.40 8 898 -167.10 -11.85 9 1467 -162.18 -37.47 10 871 -151.17 -51.52 13 1223 -90.59 -59.24 11 553 -134.50 -78.82
-0.363653 -0.190737 -1.868442
154 104 31
11 5 1054 -182.55 6.73 14 680 -57.87 -85.01 0 716 -206.82 46.07 1 762 -208.79 38.66 2 717 -211.78 32.51 3 972 -204.83 26.64 8 899 -156.13 -11.45 9 907 -151.48 -36.76 10 872 -140.29 -50.99 13 460 -77.75 -59.61 11 551 -122.10 -79.59
-0.161667 -0.109055 -1.754394
157 110 47
14 5 1097 -24.63 64.38 14 1170 111.64 -31.73 0 752 -49.49 100.66 1 1324 -51.45 92.26 2 1276 -54.81 86.86 3 1014 -47.36 81.79 4 1742 -35.88 73.66 6 945 -14.33 59.74 7 1039 -2.05 57.20 8 953 1.95 49.62 9 962 7.11 23.99 10 934 21.50 8.89 13 876 96.76 -2.74 15 782 129.80 -73.88
-0.161924 -0.109917 -1.753300
157 110 47
15 5 1096 -24.63 64.38 14 1169 111.64 -31.73 0 753 -49.49 100.66 1 1325 -51.45 92.26 2 1277 -54.81 86.86 3 1013 -47.36 81.79 4 1741 -35.88 73.66 6 944 -14.33 59.74 7 1038 -2.05 57.20 8 952 1.95 49.62 9 961 7.11 23.99 10 933 21.50 8.89 13 877 96.76 -2.74 15 781 129.80 -73.88 19 1005 153.12 123.57
-0.392065 -0.073926 -1.831578
175 101 63
13 5 1115 -196.30 94.92 14 418 -73.39 -1.78 0 777 -219.62 134.65 1 808 -221.04 126.59 2 769 -224.38 120.30 3 1025 -217.45 114.87 4 1135 -206.21 106.50 6 960 -186.93 87.11 8 969 -171.73 76.73 9 975 -167.12 50.70 10 590 -155.30 36.76 13 560 -94.72 28.85 11 398 -137.90 10.41
-0.391530 -0.076638 -1.821062
175 101 63
27 5 1116 -196.30 94.92 14 419 -73.39 -1.78 0 778 -219.62 134.65 1 809 -221.04 126.59 2 770 -224.38 120.30 3 1026 -217.45 114.87 4 1136 -206.21 106.50 6 961 -186.93 87.11 8 970 -171.73 76.73 9 976 -167.12 50.70 10 591 -155.30 36.76 13 561 -94.72 28.85 11 399 -137.90 10.41 15 819 -48.27 -46.11 19 324 -2.98 142.62 22 245 32.16 274.58 23 501 31.01 301.51 26 312 -38.56 268.18 25 270 -37.67 226.92 29 313 12.64 283.99 30 381 10.08 281.16 32 413 -49.20 260.21 34 404 -62.96 282.61 33 339 -65.28 272.43 38 354 95.34 195.46 27 295 -16.91 259.13 35 331 -17.42 292.58
0.673623 -0.631655 -1.493456
68 65 47
10 5 1199 678.74 -388.70 14 805 820.28 -462.78 0 853 634.31 -357.87 1 884 631.66 -365.09 4 1207 656.86 -387.28 6 1060 699.39 -383.31 7 1157 718.95 -380.96 8 1040 722.94 -393.18 9 1074 729.76 -421.24 12 374 841.82 -483.17
0.192880 -0.643873 -1.650251
28 22 6
10 5 733 252.28 -373.28 14 457 403.96 -453.78 0 867 214.56 -336.54 1 900 212.49 -343.89 2 857 209.30 -349.88 3 685 219.77 -358.23 4 1224 233.19 -366.94 6 661 270.31 -374.61 7 1159 287.33 -374.84 13 938 401.39 -450.41
0.216235 -0.562864 -1.562125
78 75 59
11 5 1248 327.42 -331.75 14 818 497.07 -444.90 0 892 287.94 -296.11 1 928 285.42 -303.05 2 881 282.05 -308.63 3 1138 293.32 -316.57 4 1253 307.62 -325.89 6 1098 345.82 -331.89 7 1199 364.00 -332.19 9 660 375.24 -374.60 13 583 498.43 -434.95
0.189757 -0.567081 -1.580357
95 94 77
6 5 1254 295.06 -330.53 14 823 461.56 -438.94 0 894 256.51 -294.68 1 1609 253.98 -301.70 6 1100 313.15 -331.24 7 2030 331.09 -331.56
0.191707 -0.567977 -1.580877
95 94 77
7 5 1255 295.06 -330.53 14 824 461.56 -438.94 0 895 256.51 -294.68 2 884 250.52 -307.29 3 698 261.70 -315.25 4 1257 275.75 -324.40 6 1101 313.15 -331.24
0.209384 -0.562208 -1.572144
64 62 47
11 5 1259 315.08 -327.87 14 1283 483.52 -439.30 0 898 276.01 -292.17 1 932 273.70 -299.29 2 1575 270.34 -304.79 3 1142 281.06 -312.57 4 1259 295.74 -322.14 6 1905 333.49 -328.16 7 1203 351.64 -328.52 8 678 355.05 -340.59 9 1120 362.51 -370.63
0.678889 -0.540808 -1.477155
117 112 80
7 5 2084 690.94 -311.03 14 840 840.12 -401.76 0 910 647.70 -281.64 1 945 644.70 -288.97 2 898 640.52 -294.24 6 1123 710.20 -306.00 7 1219 729.65 -302.76
0.067430 -0.506331 -1.670879
52 92 29
14 5 1349 153.83 -253.48 14 860 310.64 -353.34 0 944 120.18 -216.92 1 983 117.96 -223.92 2 935 114.63 -229.65 3 1204 124.29 -236.99 4 1334 137.21 -245.97 6 1153 170.00 -255.70 7 1250 186.26 -256.98 8 1089 190.25 -268.21 9 1172 196.64 -295.87 10 1069 215.20 -316.71 11 683 250.12 -358.50 15 543 320.19 -370.05
0.238863 -0.452707 -1.634633
132 146 102
11 5 2228 287.72 -212.04 14 1423 440.31 -305.20 0 974 253.30 -178.07 2 1805 247.46 -190.89 3 2093 258.01 -197.93 4 2198 271.12 -206.33 6 1184 303.41 -212.09 8 1107 323.74 -222.62 9 1208 329.98 -250.09 10 1089 349.93 -270.42 11 1100 389.04 -310.82
-0.295358 -0.482661 -1.926698
92 38 1
9 5 799 -152.89 -194.86 14 511 -23.90 -268.66 0 997 -180.53 -155.13 1 1032 -182.21 -162.40 3 753 -177.77 -174.91 4 807 -166.49 -183.47 9 1231 -117.73 -237.08 10 1113 -105.91 -252.56 11 448 -85.73 -284.58
-0.164357 -0.360537 -1.846284
116 39 0
13 5 1551 -51.82 -117.88 14 586 81.56 -198.96 0 1112 -79.29 -80.75 1 2089 -81.24 -88.59 2 2055 -84.42 -94.33 3 1375 -76.57 -100.15 4 1512 -65.11 -107.96 6 1319 -39.16 -123.91 7 2557 -25.33 -126.76 8 1224 -22.51 -133.53 9 1346 -16.91 -157.87 10 774 -3.50 -173.38 12 334 44.99 -193.18
-0.043060 -0.223399 -1.794696
174 78 53
11 5 1674 41.90 -28.10 14 1094 173.99 -108.03 0 1211 15.69 7.20 1 2268 13.65 -0.09 2 1186 10.21 -6.20 3 1507 18.25 -11.84 4 1641 29.77 -19.91 6 2655 53.39 -32.02 7 1557 66.45 -33.71 8 1323 70.13 -41.23 9 1441 75.40 -66.50
-0.374748 -0.222654 -1.897774
102 60 1
12 5 1038 -191.87 -16.41 14 657 -70.28 -103.74 0 1235 -216.25 22.91 1 1246 -218.12 15.28 2 1202 -221.32 9.19 4 1040 -203.52 -4.79 6 1446 -181.26 -24.35 7 1575 -168.52 -28.14 8 1335 -165.39 -34.76 9 1451 -160.62 -60.14 10 859 -148.88 -74.59 13 806 -89.14 -81.28
-0.223315 -0.212540 -1.812226
162 113 52
11 5 1707 -81.23 -11.88 14 1099 52.03 -105.00 0 1239 -107.02 26.09 1 2321 -108.83 18.64 2 1208 -112.16 12.59 3 1537 -104.30 6.23 6 1460 -70.16 -17.21 7 1585 -57.12 -20.93 8 1342 -53.59 -27.53 9 1454 -48.56 -53.06 15 680 73.02 -140.49
-0.381668 -0.131800 -1.855904
87 44 0
13 5 1795 -191.97 49.75 14 1160 -69.35 -43.63 0 1302 -215.47 89.27 1 1310 -217.05 81.56 2 1266 -220.48 75.40 3 1007 -213.38 69.69 4 1112 -202.67 61.70 6 1507 -181.95 42.41 7 1030 -169.78 38.19 8 1407 -166.48 31.82 9 1512 -161.84 6.07 10 1341 -150.33 -8.07 13 864 -89.36 -16.39
0.185722 -0.643612 -1.655939
46 35 13
