1
K=[1.14405309e+03, 0.00000000e+00, 7.10365518e+02; 0.00000000e+00, 1.13201307e+03, 2.97926246e+02; 0.00000000e+00, 0.00000000e+00, 1.00000000e+00]
kc=[-0.54173582,  0.34494086,  0.01341833, -0.00660004, -0.14088399]
