# Bundle file v0.3
200 6666
5.3200000000e+02 0.0000000000e+00 0.0000000000e+00
9.9324022252e-01 3.1280451166e-02 1.1178279714e-01
-3.3405662043e-02 9.9929404403e-01 1.7189395024e-02
-1.1116619137e-01 -2.0807376882e-02 9.9358398284e-01
2.6917975086e-01 2.5130870016e-01 1.0658553911e+00
5.3200000000e+02 0.0000000000e+00 0.0000000000e+00
9.9324417204e-01 3.0655465661e-02 1.1192076270e-01
-3.3663503566e-02 9.9911834271e-01 2.5085968084e-02
-1.1105306491e-01 -2.8684136594e-02 9.9340044145e-01
2.6629396712e-01 2.5594976338e-01 1.0610360294e+00
5.3200000000e+02 0.0000000000e+00 0.0000000000e+00
9.9330266831e-01 2.9132769728e-02 1.1180827726e-01
-3.2925768226e-02 9.9893804249e-01 3.2228575197e-02
-1.1075063396e-01 -3.5694103162e-02 9.9320704190e-01
2.6075485679e-01 2.6128591731e-01 1.0569417002e+00
5.3200000000e+02 0.0000000000e+00 0.0000000000e+00
9.9342970445e-01 2.7321070149e-02 1.1113496947e-01
-3.0905162234e-02 9.9905209652e-01 3.0655821373e-02
-1.1019207440e-01 -3.3889047828e-02 9.9333239108e-01
2.7029169496e-01 2.5040406715e-01 1.0611621027e+00
5.3200000000e+02 0.0000000000e+00 0.0000000000e+00
9.9356727007e-01 2.5503846086e-02 1.1033419093e-01
-2.9186624093e-02 9.9906505614e-01 3.1892860867e-02
-1.0941764404e-01 -3.4907985262e-02 9.9338271162e-01
2.8411857093e-01 2.4181172301e-01 1.0619464710e+00
5.3200000000e+02 0.0000000000e+00 0.0000000000e+00
9.9402505928e-01 1.0485767906e-02 1.0864727425e-01
-1.4407732681e-02 9.9927020319e-01 3.5376238688e-02
-1.0819703678e-01 -3.6730228643e-02 9.9345069910e-01
2.9450219723e-01 2.3739699721e-01 1.0624064535e+00
5.3200000000e+02 0.0000000000e+00 0.0000000000e+00
9.9422742874e-01 -5.3738669405e-03 1.0715848776e-01
1.2822850645e-03 9.9926872003e-01 3.8214930449e-02
-1.0728548685e-01 -3.7856924312e-02 9.9350726097e-01
3.0423651575e-01 2.3796123837e-01 1.0628571784e+00
5.3200000000e+02 0.0000000000e+00 0.0000000000e+00
9.9434535366e-01 -1.5005349144e-02 1.0512924023e-01
1.0846120365e-02 9.9913986570e-01 4.0023623583e-02
-1.0563938341e-01 -3.8657059753e-02 9.9365283294e-01
3.1611807976e-01 2.3917100539e-01 1.0633042558e+00
5.3200000000e+02 0.0000000000e+00 0.0000000000e+00
9.9432303943e-01 -9.9723015875e-03 1.0593510495e-01
5.8888492961e-03 9.9923003883e-01 3.8789830562e-02
-1.0624036292e-01 -3.7945786355e-02 9.9361617468e-01
3.2353586537e-01 2.2614894112e-01 1.0661612816e+00
5.3200000000e+02 0.0000000000e+00 0.0000000000e+00
9.9421265059e-01 -1.2351310398e-02 1.0671762057e-01
8.5232424983e-03 9.9930629898e-01 3.6252933162e-02
-1.0709136168e-01 -3.5133544612e-02 9.9362823747e-01
3.3154365879e-01 1.8689696798e-01 1.0677181309e+00
5.3200000000e+02 0.0000000000e+00 0.0000000000e+00
9.9403835364e-01 -1.1709675535e-02 1.0840034592e-01
8.6549561078e-03 9.9955324548e-01 2.8607711887e-02
-1.0868690460e-01 -2.7498962590e-02 9.9369560924e-01
3.5356858835e-01 1.5350265503e-01 1.0785836956e+00
5.3200000000e+02 0.0000000000e+00 0.0000000000e+00
9.9434886572e-01 -1.4336191714e-02 1.0518938562e-01
1.3880259138e-02 9.9989083505e-01 5.0652142508e-03
-1.0525051851e-01 -3.5765341139e-03 9.9443930773e-01
3.7797007845e-01 7.5632412379e-02 1.1087652321e+00
5.3200000000e+02 0.0000000000e+00 0.0000000000e+00
9.9577275385e-01 -1.8386224333e-02 8.9992052118e-02
2.1776432478e-02 9.9908400880e-01 -3.6836535522e-02
-8.9232335385e-02 3.8640524266e-02 9.9526102114e-01
3.8338478824e-01 1.3735935225e-02 1.1308486773e+00
5.3200000000e+02 0.0000000000e+00 0.0000000000e+00
9.9622045378e-01 -2.1474980862e-02 8.4164319474e-02
2.8957183405e-02 9.9563622095e-01 -8.8713003900e-02
-8.1891934919e-02 9.0814870636e-02 9.9249502279e-01
3.9865539104e-01 -6.8214090583e-02 1.1435442977e+00
5.3200000000e+02 0.0000000000e+00 0.0000000000e+00
9.9490325297e-01 -2.4117610881e-02 9.7907395368e-02
3.4479688552e-02 9.9381453884e-01 -1.0556426230e-01
-9.4755835175e-02 1.0840204446e-01 9.8958088525e-01
4.4744422448e-01 -1.3340754941e-01 1.1181865594e+00
5.3200000000e+02 0.0000000000e+00 0.0000000000e+00
9.9310819507e-01 -4.9332191856e-02 1.0631297063e-01
6.1027696989e-02 9.9208659897e-01 -1.0972602401e-01
-1.0005864819e-01 1.1545784941e-01 9.8825996172e-01
4.9247071242e-01 -1.9703305465e-01 1.0688588269e+00
5.3200000000e+02 0.0000000000e+00 0.0000000000e+00
9.9212388382e-01 -5.7805066686e-02 1.1112503508e-01
7.1482034567e-02 9.8978879518e-01 -1.2332258378e-01
-1.0286164440e-01 1.3029472438e-01 9.8612512741e-01
5.3045965333e-01 -1.5697815251e-01 1.0239457042e+00
5.3200000000e+02 0.0000000000e+00 0.0000000000e+00
9.9024026783e-01 -6.4995689403e-02 1.2328735671e-01
8.4414606089e-02 9.8358534493e-01 -1.5948054275e-01
-1.1089808945e-01 1.6833130901e-01 9.7947240092e-01
5.6521366122e-01 -1.1463459340e-01 9.9085435573e-01
5.3200000000e+02 0.0000000000e+00 0.0000000000e+00
9.8836694491e-01 -4.7854060640e-02 1.4436333017e-01
6.6933664606e-02 9.8920638344e-01 -1.3034805527e-01
-1.3656744399e-01 1.3849447588e-01 9.8090193872e-01
6.1165647314e-01 2.1799617140e-02 9.6304548784e-01
5.3200000000e+02 0.0000000000e+00 0.0000000000e+00
9.8542641995e-01 -7.5792679843e-02 1.5228342175e-01
1.0020062642e-01 9.8208196044e-01 -1.5960845039e-01
-1.3745764920e-01 1.7254127812e-01 9.7536398438e-01
6.2798138187e-01 1.3395954817e-02 9.4683955350e-01
5.3200000000e+02 0.0000000000e+00 0.0000000000e+00
9.7913967441e-01 -1.3766325647e-01 1.4944673236e-01
1.6561269008e-01 9.6682910854e-01 -1.9445799486e-01
-1.1771973020e-01 2.1515181314e-01 9.6945952078e-01
6.2631719095e-01 6.9234053268e-03 9.3703630585e-01
5.3200000000e+02 0.0000000000e+00 0.0000000000e+00
9.8004451687e-01 -1.6806810275e-01 1.0614074523e-01
1.9248532097e-01 9.3569241287e-01 -2.9568413840e-01
-4.9620017852e-02 3.1021415398e-01 9.4937086141e-01
5.8912137760e-01 -8.1334844505e-02 9.1306290720e-01
5.3200000000e+02 0.0000000000e+00 0.0000000000e+00
9.7594000039e-01 -1.9976275739e-01 8.7383959658e-02
2.1803139960e-01 8.9750390792e-01 -3.8333933277e-01
-1.8505231502e-03 3.9316863560e-01 9.1946451783e-01
5.4833862456e-01 -1.5591057892e-01 8.8994643004e-01
5.3200000000e+02 0.0000000000e+00 0.0000000000e+00
9.6598279135e-01 -2.4021907486e-01 9.5770783118e-02
2.5803529865e-01 8.7072123653e-01 -4.1864341975e-01
1.7176480287e-02 4.2911458181e-01 9.0308673127e-01
5.6288924313e-01 -1.6121097219e-01 8.5612460875e-01
0 0 0
0 0 0
0 0 0
0 0 0
0 0 0
5.3200000000e+02 0.0000000000e+00 0.0000000000e+00
9.1458715224e-01 -3.0304235109e-01 2.6776047955e-01
3.7171312560e-01 8.9074375678e-01 -2.6154332722e-01
-1.5924727068e-01 3.3873425159e-01 9.2730761540e-01
7.5096445213e-01 2.2863945808e-02 9.0086504649e-01
0 0 0
0 0 0
0 0 0
0 0 0
0 0 0
5.3200000000e+02 0.0000000000e+00 0.0000000000e+00
8.8508725557e-01 -3.4127314607e-01 3.1646988767e-01
4.1822723878e-01 8.8153362237e-01 -2.1905353086e-01
-2.0422175881e-01 3.2623781573e-01 9.2296390006e-01
8.2739458926e-01 1.7065457631e-01 8.9223892952e-01
5.3200000000e+02 0.0000000000e+00 0.0000000000e+00
8.6641589311e-01 -3.6751059213e-01 3.3802287622e-01
4.3966070282e-01 8.8239555823e-01 -1.6756057176e-01
-2.3668959961e-01 2.9379251776e-01 9.2610150089e-01
8.9077217898e-01 2.6876616857e-01 8.6274907512e-01
5.3200000000e+02 0.0000000000e+00 0.0000000000e+00
8.5284865548e-01 -3.8473029320e-01 3.5303225396e-01
4.5455717386e-01 8.7974574100e-01 -1.3937434083e-01
-2.5695709085e-01 2.7933856283e-01 9.2517188715e-01
9.3860990323e-01 3.6556988274e-01 8.3300903925e-01
5.3200000000e+02 0.0000000000e+00 0.0000000000e+00
8.3196632746e-01 -4.0394885575e-01 3.8033847020e-01
4.7649970545e-01 8.7137554054e-01 -1.1684476050e-01
-2.8421833276e-01 2.7844207530e-01 9.1743661908e-01
9.9825753298e-01 4.2783763841e-01 7.9787238508e-01
5.3200000000e+02 0.0000000000e+00 0.0000000000e+00
8.1671907976e-01 -4.0818912864e-01 4.0786220714e-01
4.7752778623e-01 8.7491120778e-01 -8.0607641526e-02
-3.2394005330e-01 2.6059933567e-01 9.0947832746e-01
1.0379242486e+00 4.9183196247e-01 7.6389416664e-01
5.3200000000e+02 0.0000000000e+00 0.0000000000e+00
7.9320813685e-01 -4.1927583501e-01 4.4162045448e-01
4.8710456322e-01 8.7208090379e-01 -4.6947222885e-02
-3.6544492900e-01 2.5235425778e-01 8.9597284136e-01
1.0464088315e+00 5.2567450853e-01 7.2752539430e-01
5.3200000000e+02 0.0000000000e+00 0.0000000000e+00
7.5830603350e-01 -4.3972432235e-01 4.8126342048e-01
5.1317324047e-01 8.5792939953e-01 -2.4705681205e-02
-4.0202634843e-01 2.6570597613e-01 8.7622779539e-01
1.0560380590e+00 5.6748187360e-01 6.8576092263e-01
5.3200000000e+02 0.0000000000e+00 0.0000000000e+00
7.3452596223e-01 -4.5142964188e-01 5.0663881538e-01
5.3564676849e-01 8.4408736124e-01 -2.4475824719e-02
-4.1659830799e-01 2.8935757295e-01 8.6181091009e-01
1.0682842736e+00 5.9319680206e-01 6.5750301640e-01
5.3200000000e+02 0.0000000000e+00 0.0000000000e+00
7.1016516663e-01 -4.6672835741e-01 5.2709588927e-01
5.5982381271e-01 8.2835109697e-01 -2.0778808198e-02
-4.2692239907e-01 3.0983721618e-01 8.4955174336e-01
1.0986538768e+00 6.3052420032e-01 6.1526968355e-01
5.3200000000e+02 0.0000000000e+00 0.0000000000e+00
7.0141751867e-01 -4.7008799200e-01 5.3575250281e-01
5.6617608843e-01 8.2408406337e-01 -1.8168472259e-02
-4.3296431884e-01 3.1607394114e-01 8.4417957944e-01
1.1856870732e+00 6.6884608494e-01 5.7292274660e-01
0 0 0
0 0 0
0 0 0
0 0 0
0 0 0
5.3200000000e+02 0.0000000000e+00 0.0000000000e+00
6.5776949480e-01 -4.9802859543e-01 5.6507239346e-01
5.1561388530e-01 8.4460069182e-01 1.4419428793e-01
-5.4907341313e-01 1.9651256834e-01 8.1234302944e-01
1.3563426352e+00 8.5633204509e-01 4.3921623304e-01
5.3200000000e+02 0.0000000000e+00 0.0000000000e+00
6.3634470131e-01 -5.1640051111e-01 5.7305840299e-01
4.9695498488e-01 8.4261116722e-01 2.0746605475e-01
-5.9000098654e-01 1.5276430535e-01 7.9281895972e-01
1.4143352598e+00 9.2452270244e-01 3.5981510771e-01
5.3200000000e+02 0.0000000000e+00 0.0000000000e+00
6.1418858207e-01 -5.2814886766e-01 5.8637117873e-01
4.9462278925e-01 8.3660704752e-01 2.3545051368e-01
-6.1491518278e-01 1.4542153081e-01 7.7506896233e-01
1.4837339018e+00 9.8764996896e-01 2.9387794097e-01
5.3200000000e+02 0.0000000000e+00 0.0000000000e+00
6.0202525427e-01 -5.3385257918e-01 5.9377354011e-01
4.9513132828e-01 8.3299238211e-01 2.4691832478e-01
-6.2642682013e-01 1.4534481435e-01 7.6580958727e-01
1.5696719626e+00 1.0366638361e+00 2.5817373761e-01
5.3200000000e+02 0.0000000000e+00 0.0000000000e+00
5.8207171246e-01 -5.4506961563e-01 6.0340006270e-01
5.0418358163e-01 8.2412684820e-01 2.5809659835e-01
-6.3795880554e-01 1.5399367579e-01 7.5451607687e-01
1.6443469319e+00 1.1116099104e+00 2.2905781753e-01
5.3200000000e+02 0.0000000000e+00 0.0000000000e+00
5.6392504091e-01 -5.4614225607e-01 6.1944909748e-01
5.1834043917e-01 8.1801936992e-01 2.4933411230e-01
-6.4289325502e-01 1.8047976775e-01 7.4438922351e-01
1.7138404474e+00 1.1639472336e+00 2.0047622834e-01
5.3200000000e+02 0.0000000000e+00 0.0000000000e+00
5.2936878722e-01 -5.5035868952e-01 6.4565780410e-01
5.4167319555e-01 8.0498400905e-01 2.4205556056e-01
-6.5296158872e-01 2.2159886744e-01 7.2424795865e-01
1.7598795654e+00 1.1935892156e+00 1.5307355907e-01
5.3200000000e+02 0.0000000000e+00 0.0000000000e+00
4.8526640728e-01 -5.5865126097e-01 6.7262566305e-01
5.7452340365e-01 7.8362123175e-01 2.3634852190e-01
-6.5912015037e-01 2.7174718723e-01 7.0122328370e-01
1.7658023890e+00 1.2406667284e+00 9.3506210111e-02
5.3200000000e+02 0.0000000000e+00 0.0000000000e+00
4.3718743761e-01 -5.7051882499e-01 6.9525205122e-01
5.9404476396e-01 7.6359350380e-01 2.5305291811e-01
-6.7526140332e-01 3.0237928382e-01 6.7274720803e-01
1.7636673215e+00 1.2841995585e+00 1.9322137563e-02
5.3200000000e+02 0.0000000000e+00 0.0000000000e+00
4.1868673057e-01 -5.6605053232e-01 7.1013253446e-01
5.9576604318e-01 7.6138523936e-01 2.5564690312e-01
-6.8539349533e-01 3.1603688414e-01 6.5601558245e-01
1.8408624508e+00 1.2663236295e+00 -1.9224669683e-02
5.3200000000e+02 0.0000000000e+00 0.0000000000e+00
3.7804561733e-01 -5.8159817591e-01 7.2029512910e-01
6.1071619567e-01 7.4140460227e-01 2.7810959007e-01
-6.9577815399e-01 3.3475778934e-01 6.3547618595e-01
1.8277597045e+00 1.3024410810e+00 -5.8125027031e-02
0 0 0
0 0 0
0 0 0
0 0 0
0 0 0
0 0 0
0 0 0
0 0 0
0 0 0
0 0 0
0 0 0
0 0 0
0 0 0
0 0 0
0 0 0
0 0 0
0 0 0
0 0 0
0 0 0
0 0 0
0 0 0
0 0 0
0 0 0
0 0 0
0 0 0
0 0 0
0 0 0
0 0 0
0 0 0
0 0 0
0 0 0
0 0 0
0 0 0
0 0 0
0 0 0
0 0 0
0 0 0
0 0 0
0 0 0
0 0 0
0 0 0
0 0 0
0 0 0
0 0 0
0 0 0
0 0 0
0 0 0
0 0 0
0 0 0
0 0 0
0 0 0
0 0 0
0 0 0
0 0 0
0 0 0
0 0 0
0 0 0
0 0 0
0 0 0
0 0 0
0 0 0
0 0 0
0 0 0
0 0 0
0 0 0
0 0 0
0 0 0
0 0 0
0 0 0
0 0 0
0 0 0
0 0 0
0 0 0
0 0 0
0 0 0
0 0 0
0 0 0
0 0 0
0 0 0
0 0 0
0 0 0
0 0 0
0 0 0
0 0 0
0 0 0
0 0 0
0 0 0
0 0 0
0 0 0
0 0 0
0 0 0
0 0 0
0 0 0
0 0 0
0 0 0
0 0 0
0 0 0
0 0 0
0 0 0
0 0 0
0 0 0
0 0 0
0 0 0
0 0 0
0 0 0
0 0 0
0 0 0
0 0 0
0 0 0
0 0 0
0 0 0
0 0 0
0 0 0
0 0 0
0 0 0
0 0 0
0 0 0
0 0 0
0 0 0
0 0 0
0 0 0
0 0 0
0 0 0
0 0 0
0 0 0
0 0 0
0 0 0
0 0 0
0 0 0
0 0 0
0 0 0
0 0 0
0 0 0
0 0 0
0 0 0
0 0 0
0 0 0
0 0 0
0 0 0
0 0 0
0 0 0
0 0 0
0 0 0
0 0 0
0 0 0
0 0 0
0 0 0
0 0 0
0 0 0
0 0 0
0 0 0
0 0 0
0 0 0
0 0 0
0 0 0
0 0 0
0 0 0
0 0 0
0 0 0
0 0 0
0 0 0
0 0 0
0 0 0
0 0 0
0 0 0
0 0 0
0 0 0
0 0 0
0 0 0
0 0 0
0 0 0
0 0 0
0 0 0
0 0 0
0 0 0
0 0 0
0 0 0
0 0 0
0 0 0
0 0 0
0 0 0
0 0 0
0 0 0
0 0 0
0 0 0
0 0 0
0 0 0
0 0 0
0 0 0
0 0 0
0 0 0
0 0 0
0 0 0
0 0 0
0 0 0
0 0 0
0 0 0
0 0 0
0 0 0
0 0 0
0 0 0
0 0 0
0 0 0
0 0 0
0 0 0
0 0 0
0 0 0
0 0 0
0 0 0
0 0 0
0 0 0
0 0 0
0 0 0
0 0 0
0 0 0
0 0 0
0 0 0
0 0 0
0 0 0
0 0 0
0 0 0
0 0 0
0 0 0
0 0 0
0 0 0
0 0 0
0 0 0
0 0 0
0 0 0
0 0 0
0 0 0
0 0 0
0 0 0
0 0 0
0 0 0
0 0 0
0 0 0
0 0 0
0 0 0
0 0 0
0 0 0
0 0 0
0 0 0
0 0 0
0 0 0
0 0 0
0 0 0
0 0 0
0 0 0
0 0 0
0 0 0
0 0 0
0 0 0
0 0 0
0 0 0
0 0 0
0 0 0
0 0 0
0 0 0
0 0 0
0 0 0
0 0 0
0 0 0
0 0 0
0 0 0
0 0 0
0 0 0
0 0 0
0 0 0
0 0 0
0 0 0
0 0 0
0 0 0
0 0 0
0 0 0
0 0 0
0 0 0
0 0 0
0 0 0
0 0 0
0 0 0
0 0 0
0 0 0
0 0 0
0 0 0
0 0 0
0 0 0
0 0 0
0 0 0
0 0 0
0 0 0
0 0 0
0 0 0
0 0 0
0 0 0
0 0 0
0 0 0
0 0 0
0 0 0
0 0 0
0 0 0
0 0 0
0 0 0
0 0 0
0 0 0
0 0 0
0 0 0
0 0 0
0 0 0
0 0 0
0 0 0
0 0 0
0 0 0
0 0 0
0 0 0
0 0 0
0 0 0
0 0 0
0 0 0
0 0 0
0 0 0
0 0 0
0 0 0
0 0 0
0 0 0
0 0 0
0 0 0
0 0 0
0 0 0
0 0 0
0 0 0
0 0 0
0 0 0
0 0 0
0 0 0
0 0 0
0 0 0
0 0 0
0 0 0
0 0 0
0 0 0
0 0 0
0 0 0
0 0 0
0 0 0
0 0 0
0 0 0
0 0 0
0 0 0
0 0 0
0 0 0
0 0 0
0 0 0
0 0 0
0 0 0
0 0 0
0 0 0
0 0 0
0 0 0
0 0 0
0 0 0
0 0 0
0 0 0
0 0 0
0 0 0
0 0 0
0 0 0
0 0 0
0 0 0
0 0 0
0 0 0
0 0 0
0 0 0
0 0 0
0 0 0
0 0 0
0 0 0
0 0 0
0 0 0
0 0 0
0 0 0
0 0 0
0 0 0
0 0 0
0 0 0
0 0 0
0 0 0
0 0 0
0 0 0
0 0 0
0 0 0
0 0 0
0 0 0
0 0 0
0 0 0
0 0 0
0 0 0
0 0 0
0 0 0
0 0 0
0 0 0
0 0 0
0 0 0
0 0 0
0 0 0
0 0 0
0 0 0
0 0 0
0 0 0
0 0 0
0 0 0
0 0 0
0 0 0
0 0 0
0 0 0
0 0 0
0 0 0
0 0 0
0 0 0
0 0 0
0 0 0
0 0 0
0 0 0
0 0 0
0 0 0
0 0 0
0 0 0
0 0 0
0 0 0
0 0 0
0 0 0
0 0 0
0 0 0
0 0 0
0 0 0
0 0 0
0 0 0
0 0 0
0 0 0
0 0 0
0 0 0
0 0 0
0 0 0
0 0 0
0 0 0
0 0 0
0 0 0
0 0 0
0 0 0
0 0 0
0 0 0
0 0 0
0 0 0
0 0 0
0 0 0
0 0 0
0 0 0
0 0 0
0 0 0
0 0 0
0 0 0
0 0 0
0 0 0
0 0 0
0 0 0
0 0 0
0 0 0
0 0 0
0 0 0
0 0 0
0 0 0
0 0 0
0 0 0
0 0 0
0 0 0
0 0 0
0 0 0
0 0 0
0 0 0
0 0 0
0 0 0
0 0 0
0 0 0
0 0 0
0 0 0
0 0 0
0 0 0
0 0 0
0 0 0
0 0 0
0 0 0
0 0 0
0 0 0
0 0 0
0 0 0
0 0 0
0 0 0
0 0 0
0 0 0
0 0 0
0 0 0
0 0 0
0 0 0
0 0 0
0 0 0
0 0 0
0 0 0
0 0 0
0 0 0
0 0 0
0 0 0
0 0 0
0 0 0
0 0 0
0 0 0
0 0 0
0 0 0
0 0 0
0 0 0
0 0 0
0 0 0
0 0 0
0 0 0
0 0 0
0 0 0
0 0 0
0 0 0
0 0 0
0 0 0
0 0 0
0 0 0
0 0 0
0 0 0
0 0 0
0 0 0
0 0 0
0 0 0
0 0 0
0 0 0
0 0 0
0 0 0
0 0 0
0 0 0
0 0 0
0 0 0
0 0 0
0 0 0
0 0 0
0 0 0
0 0 0
0 0 0
0 0 0
0 0 0
0 0 0
0 0 0
0 0 0
0 0 0
0 0 0
0 0 0
0 0 0
0 0 0
0 0 0
0 0 0
0 0 0
0 0 0
0 0 0
0 0 0
0 0 0
0 0 0
0 0 0
0 0 0
0 0 0
0 0 0
0 0 0
0 0 0
0 0 0
0 0 0
0 0 0
0 0 0
0 0 0
0 0 0
0 0 0
0 0 0
0 0 0
0 0 0
0 0 0
0 0 0
0 0 0
0 0 0
0 0 0
0 0 0
0 0 0
0 0 0
0 0 0
0 0 0
0 0 0
0 0 0
0 0 0
0 0 0
0 0 0
0 0 0
0 0 0
0 0 0
0 0 0
0 0 0
0 0 0
0 0 0
0 0 0
0 0 0
0 0 0
0 0 0
0 0 0
0 0 0
0 0 0
0 0 0
0 0 0
0 0 0
0 0 0
0 0 0
0 0 0
0 0 0
0 0 0
0 0 0
0 0 0
0 0 0
0 0 0
0 0 0
0 0 0
0 0 0
0 0 0
0 0 0
0 0 0
0 0 0
0 0 0
0 0 0
0 0 0
0 0 0
0 0 0
0 0 0
0 0 0
0 0 0
0 0 0
0 0 0
0 0 0
0 0 0
0 0 0
0 0 0
0 0 0
0 0 0
0 0 0
0 0 0
0 0 0
0 0 0
0 0 0
0 0 0
0 0 0
0 0 0
0 0 0
0 0 0
0 0 0
0 0 0
0 0 0
0 0 0
0 0 0
0 0 0
0 0 0
0 0 0
0 0 0
0 0 0
0 0 0
0 0 0
0 0 0
0 0 0
0 0 0
0 0 0
0 0 0
0 0 0
0 0 0
0 0 0
0 0 0
0 0 0
0 0 0
0 0 0
0 0 0
0 0 0
0 0 0
0 0 0
0 0 0
0 0 0
0 0 0
0 0 0
0 0 0
0 0 0
0 0 0
0 0 0
0 0 0
0 0 0
0 0 0
0 0 0
0 0 0
0 0 0
0 0 0
0 0 0
0 0 0
0 0 0
0 0 0
0 0 0
0 0 0
0 0 0
0 0 0
0 0 0
0 0 0
0 0 0
0 0 0
0 0 0
0 0 0
0 0 0
0 0 0
0 0 0
0 0 0
0 0 0
0 0 0
0 0 0
0 0 0
0 0 0
0 0 0
0 0 0
0 0 0
0 0 0
0 0 0
0 0 0
0 0 0
0 0 0
0 0 0
0 0 0
0 0 0
0 0 0
0 0 0
0 0 0
0 0 0
0 0 0
0 0 0
0 0 0
0 0 0
0 0 0
0 0 0
0 0 0
0 0 0
0 0 0
0 0 0
0 0 0
0 0 0
0 0 0
0 0 0
0 0 0
2.0652073272e-01 -4.9289708748e-01 -1.7371321302e+00
8 10 5
19 5 19 242.2500 -255.2000 14 34 394.2300 -338.4000 0 25 208.3700 -221.5900 1 22 205.6700 -228.9700 2 23 201.8700 -234.6600 3 22 212.4800 -241.8100 4 23 225.2900 -250.3400 6 21 258.1100 -257.7700 7 21 274.6300 -258.0400 8 21 279.1899 -268.3300 9 21 285.2600 -294.6100 10 34 304.2000 -311.3600 13 25 391.4800 -329.3900 11 29 340.2800 -350.3400 15 32 395.7400 -354.2500 12 23 371.8900 -341.6200 18 30 375.7400 -137.5700 16 40 392.7900 -284.1800 17 38 384.0000 -197.5000
2.5648568587e-01 -4.1383577857e-01 -1.7263016599e+00
160 135 84
30 5 28 286.1801 -194.1700 14 27 439.8000 -284.4400 0 34 252.5800 -160.5000 1 29 250.2100 -167.7800 2 31 246.3600 -173.3400 3 28 256.3101 -180.1800 4 31 269.6000 -188.6400 6 26 302.1600 -194.3500 7 29 318.3101 -194.1700 8 32 321.2700 -204.8300 9 34 327.8600 -231.9000 10 39 346.4600 -251.4100 13 29 438.8199 -271.0400 11 34 384.9301 -288.9700 15 25 437.7200 -302.7600 12 27 418.3700 -282.1400 19 19 410.9900 -56.0600 22 23 449.2300 119.1400 23 20 448.3000 163.4100 18 20 411.5300 -93.5400 20 19 420.7800 -7.9000 21 27 446.1899 58.1900 16 17 433.4900 -236.2700 17 23 421.7400 -151.3200 27 29 387.5300 178.2600 25 25 392.0500 124.2000 30 25 390.1400 215.0100 31 26 376.6200 211.6100 33 36 305.3500 202.9600 28 24 392.1300 179.2100
1.8166772654e-01 -4.1657198502e-01 -1.7406285610e+00
24 17 9
24 5 49 221.8199 -194.9900 14 37 374.2500 -284.2900 0 49 189.7400 -160.2100 1 44 187.5400 -167.5300 2 48 184.1100 -172.8900 3 48 193.8199 -179.8100 4 54 206.9000 -188.0800 6 53 237.2900 -195.7700 7 55 252.7700 -196.2400 8 40 257.1500 -205.6700 9 56 263.6300 -232.9800 10 60 282.0200 -251.8100 13 40 371.0800 -270.2700 11 44 318.3000 -288.6700 15 35 378.1200 -301.9500 12 39 351.1000 -280.8000 19 29 360.3199 -58.1100 22 30 398.9200 110.1800 23 26 397.7600 151.2800 18 37 359.7100 -94.3700 20 32 370.8900 -12.4700 21 39 396.0300 52.4000 16 44 377.8400 -235.9100 17 43 369.5800 -150.8700
4.4404265771e-02 -5.2229054132e-01 -1.7307052521e+00
26 98 24
21 5 45 121.0300 -285.7200 14 72 273.0200 -382.8500 0 63 87.3101 -247.9300 1 56 85.4800 -255.4100 2 56 81.3600 -260.9800 3 44 90.6500 -268.4600 4 66 102.9399 -277.2900 6 49 137.4700 -288.8500 8 51 156.5500 -300.8000 9 54 162.6600 -328.4100 10 58 179.4301 -348.6300 13 78 263.6300 -371.2000 11 62 211.3500 -390.2100 15 61 282.0900 -396.1700 12 49 241.3300 -382.7200 19 54 284.6000 -139.7000 18 72 279.2500 -175.3300 20 77 300.6801 -96.8900 21 88 328.5800 -33.4200 16 90 287.4900 -323.7000 17 89 284.0200 -234.4800
9.3832278301e-02 -5.0207272267e-01 -1.7291572784e+00
23 93 21
20 5 62 160.7300 -267.7400 14 74 313.0100 -364.1500 0 66 126.8700 -231.5900 1 59 124.3199 -238.5800 2 58 121.0000 -244.1700 3 62 130.5800 -251.3700 4 68 143.5100 -260.2900 6 61 177.0300 -270.2600 7 66 193.7700 -271.4800 8 69 195.8300 -281.9600 9 68 202.5699 -309.5500 10 76 219.5900 -329.6900 13 80 305.1100 -352.1300 11 89 253.4399 -370.7200 12 77 283.5100 -363.5900 19 84 313.7400 -123.3200 18 74 310.4301 -159.8700 20 104 326.9900 -79.3100 16 91 323.0100 -308.4300 17 68 317.8700 -220.3500
3.2691533844e-01 -4.1131415434e-01 -1.7266405349e+00
20 15 12
15 5 66 338.1500 -188.9700 14 91 487.5601 -277.2900 0 70 304.3800 -156.3200 1 62 301.5400 -163.4700 2 61 297.9500 -169.1200 3 65 308.5699 -176.2300 4 72 321.9700 -184.3900 6 92 354.2000 -187.3700 7 71 370.1700 -187.4100 8 73 373.7500 -198.7600 9 69 380.0300 -225.4800 10 77 399.5601 -245.2400 13 82 491.1400 -263.9500 11 65 438.5300 -285.5000 12 81 473.0601 -275.5600
2.5593450925e-02 -4.9161504250e-01 -1.7280147357e+00
20 88 15
20 5 188 105.3000 -262.5100 14 179 261.5601 -362.1000 0 162 71.9399 -225.2100 1 164 69.9399 -232.2400 2 161 66.6500 -237.9000 3 177 75.9301 -245.0500 4 192 88.7000 -254.1600 6 175 121.6300 -265.6500 7 190 137.8500 -267.3400 8 198 141.1000 -277.6200 9 193 147.7600 -305.0200 10 208 164.8700 -325.2800 13 148 250.7200 -348.1600 11 195 197.3800 -365.9300 15 146 273.2900 -376.4300 12 143 227.8500 -358.7800 19 114 276.2200 -124.7100 20 102 291.6000 -82.3800 16 144 279.9399 -305.9400 17 114 277.2300 -217.9400
1.5734819623e-01 -4.5419446677e-01 -1.7219751136e+00
24 117 23
17 5 193 212.4600 -229.3800 14 187 366.6899 -326.1200 0 166 178.3101 -194.2700 1 169 176.2100 -201.3900 2 164 172.8500 -206.9100 3 182 183.0100 -213.9500 4 197 195.7000 -222.6800 6 179 228.5500 -231.0100 7 195 244.4100 -231.6900 8 208 247.5601 -241.8300 9 200 254.1600 -269.5700 10 213 273.2700 -289.3700 13 195 361.9200 -312.3800 11 199 308.8199 -329.1000 15 151 370.8600 -341.6900 12 176 341.0400 -322.7200 18 146 354.9200 -126.9100
-1.8552514820e-01 -1.0428612238e-01 -1.8020840154e+00
152 87 8
15 5 205 -65.3300 55.1100 14 125 70.4800 -45.2000 0 176 -90.0200 92.2100 1 184 -91.9300 84.5400 2 181 -95.1000 78.5700 3 193 -88.0000 73.2500 4 205 -76.7600 65.2500 6 195 -54.8400 49.5500 7 208 -42.8100 46.8500 8 225 -38.5900 39.0000 9 214 -33.2200 12.1700 10 236 -20.0100 -2.3000 13 155 53.5200 -15.0100 11 154 4.2300 -32.1000 15 161 90.9301 -86.5400
3.3464607629e-01 -7.9060610962e-01 -1.8053951779e+00
29 23 9
3 5 228 305.0100 -449.5400 14 299 423.5000 -483.5500 0 189 264.1400 -412.5200
-3.5762266129e-02 -5.1738228269e-01 -1.7337469823e+00
53 113 44
11 5 266 54.2700 -283.5800 14 173 210.1700 -383.9100 0 204 21.0400 -245.5400 1 162 17.4000 -252.9900 2 157 14.1300 -258.7500 3 243 24.3400 -265.6500 4 260 37.2800 -274.6200 6 239 70.9399 -287.6700 7 245 87.2500 -289.7700 9 262 96.9700 -327.9700 10 271 113.9301 -348.5300
1.4818236057e-01 -4.6222169927e-01 -1.7182169429e+00
191 202 144
12 5 191 206.8101 -237.3900 14 184 361.7400 -334.5800 0 205 172.7800 -202.2900 1 216 170.6100 -209.3200 3 181 177.0200 -221.8500 4 196 190.0601 -230.6900 6 177 222.9500 -239.2500 7 252 239.0000 -240.3000 8 204 242.7200 -250.5300 9 197 249.1600 -278.2500 10 140 268.3800 -298.5000 13 191 356.9600 -321.5200
1.2986753255e-01 -4.5600721271e-01 -1.7239365434e+00
208 220 147
14 5 275 189.8000 -230.9500 14 185 344.9600 -328.4400 0 206 156.1801 -195.5200 1 217 153.9301 -202.6100 2 218 150.5300 -208.1800 3 248 160.4200 -215.1300 4 270 173.6300 -223.7600 6 245 205.7300 -232.8900 7 253 221.8300 -233.8000 8 205 225.6600 -244.1300 9 198 232.1400 -271.8400 10 211 250.6300 -291.8400 13 192 338.7600 -314.4100 11 143 286.6700 -331.9400
1.2966785079e-01 -4.5589093098e-01 -1.7234471517e+00
208 220 147
15 5 277 189.8000 -230.9500 14 186 344.9600 -328.4400 0 208 156.1801 -195.5200 1 219 153.9301 -202.6100 2 220 150.5300 -208.1800 3 249 160.4200 -215.1300 4 271 173.6300 -223.7600 6 247 205.7300 -232.8900 7 255 221.8300 -233.8000 8 207 225.6600 -244.1300 9 199 232.1400 -271.8400 10 212 250.6300 -291.8400 13 194 338.7600 -314.4100 11 144 286.6700 -331.9400 18 104 338.6000 -130.7200
1.6462216928e-01 -4.4650910122e-01 -1.7226765877e+00
218 218 165
14 5 280 217.6899 -222.4600 14 235 372.0699 -319.4000 0 210 183.9301 -187.5300 1 221 181.6500 -194.6600 2 222 178.2400 -200.3600 3 252 188.1899 -207.2300 4 274 201.2700 -215.9400 6 249 233.4000 -223.9400 7 258 249.6801 -224.5700 8 292 253.2200 -235.0200 9 274 259.7300 -262.6200 10 284 278.3400 -282.6700 13 260 367.8300 -305.1500 11 245 314.7400 -322.5700
1.5682640558e-01 -4.4060309287e-01 -1.7267878801e+00
16 89 11
11 5 282 210.2600 -216.4900 14 191 362.5900 -312.4400 0 212 177.0500 -181.5900 3 385 181.5900 -200.8000 4 423 193.9301 -209.6200 7 260 242.1500 -218.8300 8 293 244.8900 -229.6500 9 276 251.6100 -256.8100 10 285 269.6400 -276.1800 13 199 358.1300 -298.7000 19 155 353.8800 -83.1500
-9.7413893825e-02 -6.6282569476e-02 -1.7981576728e+00
112 65 40
15 5 337 1.9000 82.2200 14 276 138.5699 -13.1400 0 248 -22.8400 118.0900 1 258 -24.8600 110.2400 2 257 -28.1800 104.2400 3 312 -20.5500 98.9900 4 336 -8.9000 91.1000 6 295 12.1800 77.7600 7 320 24.2300 75.6100 8 342 28.6000 68.4200 9 320 33.6100 42.0500 10 341 48.1700 27.2400 13 319 125.0000 17.1600 11 272 73.7400 -0.1700 15 289 155.2600 -55.1100
6.8705428390e-01 -6.2015802838e-01 -1.6392160124e+00
22 14 0
14 5 389 682.9700 -387.3400 14 454 824.3400 -462.5700 0 281 638.4700 -356.8600 1 294 635.7900 -364.1200 2 288 631.8500 -369.7400 3 352 645.5900 -378.0000 4 385 661.1801 -386.4200 6 337 703.4399 -382.3900 7 375 723.2600 -379.4900 8 389 727.1700 -392.5700 9 370 733.8000 -420.5700 10 398 757.1200 -443.7300 11 236 808.1600 -489.2900 12 242 845.8101 -483.4100
4.3095301273e-01 -5.0279224319e-01 -1.6104756303e+00
89 87 66
11 5 256 510.4100 -307.3000 14 221 679.4000 -423.8800 0 295 468.8500 -274.5100 1 209 466.1600 -281.5500 2 208 462.4399 -286.8900 3 232 474.6899 -295.3000 4 252 489.9600 -304.2200 6 234 529.6700 -304.6800 7 241 548.7600 -303.1800 8 187 553.0200 -317.0400 9 179 560.7100 -347.7300
4.2932042477e-01 -5.0195005065e-01 -1.6093884235e+00
89 87 66
10 5 257 510.4100 -307.3000 14 222 679.4000 -423.8800 0 296 468.8500 -274.5100 2 209 462.4399 -286.8900 3 233 474.6899 -295.3000 4 253 489.9600 -304.2200 6 235 529.6700 -304.6800 7 242 548.7600 -303.1800 8 188 553.0200 -317.0400 9 180 560.7100 -347.7300
3.3037601056e-02 -4.9469351976e-01 -1.7247735072e+00
213 230 159
11 5 270 112.6100 -265.8000 14 177 270.1100 -366.0300 0 308 78.4900 -229.3800 1 315 76.5900 -236.0100 2 217 73.3400 -241.5800 4 267 95.7500 -257.6100 6 241 128.8000 -269.1200 7 250 145.0601 -270.8100 8 286 148.4301 -280.9900 9 269 155.0601 -308.8600 10 275 172.7500 -329.2300
1.7681447114e-01 -4.3637250665e-01 -1.7199259929e+00
207 224 153
19 5 412 227.8000 -214.2400 14 239 381.7100 -310.1900 0 315 194.2100 -179.9400 1 319 192.0800 -186.9400 2 326 188.4100 -192.7100 3 254 198.4600 -199.2900 6 361 243.5200 -216.0000 7 398 259.7100 -216.0300 8 295 263.2800 -226.5700 9 279 269.8300 -254.1500 10 288 288.5200 -274.0900 13 261 378.3300 -295.9400 12 222 357.6200 -305.9500 19 261 367.8700 -78.9900 23 222 411.5900 132.2900 20 164 379.7800 -32.4600 21 190 406.1100 32.1400 27 444 360.0500 140.7600 25 217 360.2600 89.0700
2.2899278449e-01 -4.1756003352e-01 -1.7237517698e+00
214 228 156
17 5 286 266.4399 -196.9100 14 246 419.4399 -291.1300 0 317 232.6899 -163.0000 1 226 230.5601 -170.3300 2 226 227.0100 -175.8500 3 256 237.0601 -182.5200 4 276 250.2600 -191.1100 6 254 281.9900 -197.6000 7 264 298.1801 -197.6400 8 297 301.8700 -207.8900 9 280 308.2100 -235.5100 10 219 327.6200 -255.0900 13 267 418.4600 -276.5100 12 224 398.3500 -286.5300 19 203 396.3600 -62.6200 22 216 435.9399 110.0300 21 192 432.5699 50.3900
-9.3044816777e-02 -4.2417183094e-01 -1.8702685259e+00
98 11 6
7 5 431 -3.6900 -174.6800 14 334 127.5500 -246.2900 0 325 -32.3200 -138.0000 1 328 -34.1600 -145.0800 2 333 -37.3600 -151.0300 3 394 -29.2100 -157.2800 10 416 45.6800 -229.9700
-9.2874389043e-02 -4.2406327913e-01 -1.8691879925e+00
98 11 6
9 5 432 -3.6900 -174.6800 14 335 127.5500 -246.2900 0 326 -32.3200 -138.0000 1 329 -34.1600 -145.0800 2 334 -37.3600 -151.0300 3 395 -29.2100 -157.2800 6 374 9.5600 -179.7100 10 417 45.6800 -229.9700 13 373 114.6000 -234.1000
-2.8589919669e-01 -4.0626897528e-01 -1.8907378430e+00
107 52 12
12 5 439 -137.9800 -159.9700 14 338 -9.3100 -238.7300 0 333 -164.7700 -121.1100 1 333 -166.5700 -128.1400 2 340 -169.7800 -134.2700 3 401 -162.3000 -140.4200 4 441 -151.4600 -148.6900 6 381 -124.4300 -167.0600 7 416 -110.3900 -170.4700 8 428 -108.2400 -177.8600 9 414 -103.1300 -202.6500 10 420 -91.2300 -217.8600
-5.4868790888e-02 -3.6365636778e-01 -1.8663780816e+00
78 1 3
12 5 453 22.8700 -132.5300 14 578 152.8900 -205.8100 0 340 -5.1200 -96.2200 1 340 -6.6800 -103.5900 2 346 -10.2100 -109.4500 3 413 -2.0100 -115.5300 4 450 9.4300 -123.7100 6 392 35.9000 -136.5100 7 425 49.7400 -138.6100 9 426 57.9600 -171.2000 10 426 72.0200 -186.5000 13 681 141.9700 -191.0100
-2.3056839477e-01 -3.4024959887e-01 -1.8660244145e+00
151 87 20
5 5 469 -99.6700 -117.3300 14 353 31.8200 -201.5700 0 345 -126.3400 -79.0800 3 430 -123.7300 -98.5200 4 470 -112.5200 -106.5600
-2.3700762300e-01 -2.9944516223e-01 -1.8548136368e+00
112 58 14
13 5 491 -104.5100 -89.0400 14 364 27.3500 -176.6800 0 356 -130.7700 -50.5900 1 364 -132.7200 -57.9800 2 229 -136.1300 -63.8900 3 268 -128.6400 -69.9000 4 289 -117.4000 -78.2100 6 263 -92.3000 -95.2400 7 277 -78.6700 -98.2100 9 445 -69.6400 -131.2000 10 440 -57.2300 -147.1300 13 278 9.3400 -156.7100 11 331 -35.8000 -178.2600
-3.8724752739e-03 -2.6458303086e-01 -1.8653819348e+00
75 5 1
12 5 512 58.1700 -63.9300 14 633 187.6100 -136.8700 0 363 31.4500 -28.8900 1 376 29.2200 -36.2600 2 380 25.9100 -42.2800 3 465 34.2100 -47.8800 4 498 45.6500 -55.7700 6 454 70.0500 -67.4400 7 500 83.6000 -68.9600 8 467 86.7400 -76.4700 9 455 91.7500 -101.3300 10 455 106.4399 -115.9800
-3.1726884439e-01 -2.1323532557e-01 -1.8638649731e+00
102 59 8
11 5 533 -161.1200 -26.1200 14 376 -33.3500 -117.7100 0 378 -185.8600 12.6600 1 397 -187.5200 5.0400 4 528 -172.6400 -14.9400 6 474 -149.7400 -33.4900 7 526 -136.5000 -37.4400 8 486 -133.6500 -44.2000 10 482 -116.7500 -84.5600 13 436 -54.0300 -93.6200 11 348 -96.9300 -114.2100
-3.1730313184e-01 -2.1347342392e-01 -1.8647657040e+00
102 59 8
13 5 534 -161.1200 -26.1200 14 377 -33.3500 -117.7100 0 379 -185.8600 12.6600 1 398 -187.5200 5.0400 2 396 -189.7200 -1.9300 4 529 -172.6400 -14.9400 6 475 -149.7400 -33.4900 7 527 -136.5000 -37.4400 8 487 -133.6500 -44.2000 9 469 -128.8700 -69.6700 10 483 -116.7500 -84.5600 13 437 -54.0300 -93.6200 11 349 -96.9300 -114.2100
-3.4021802339e-01 -2.1504740867e-01 -1.8780610646e+00
160 113 32
14 5 1030 -173.5900 -28.3200 14 646 -48.0900 -117.9500 0 380 -201.5600 12.5900 1 395 -202.5500 4.6300 2 699 -203.4300 -2.4500 3 483 -198.3800 -7.4000 6 472 -165.0600 -34.4800 7 524 -152.3000 -38.2600 8 488 -149.4800 -44.9100 9 468 -142.5200 -71.3900 10 480 -132.8600 -85.0900 13 438 -71.8500 -92.9400 11 350 -113.8600 -114.4400 15 369 -24.2000 -151.4500
-3.5706802862e-01 -2.1089447704e-01 -1.8929877106e+00
158 112 31
13 5 535 -185.0400 -24.2500 14 378 -60.3900 -113.4000 0 382 -208.8500 14.7900 1 399 -210.4100 7.2700 2 703 -216.3400 2.2700 3 948 -206.5200 -4.5800 4 1031 -199.0900 -11.4700 6 476 -173.0200 -32.0500 7 528 -160.2900 -35.9900 8 490 -157.6000 -42.6900 9 470 -152.7100 -68.1700 10 855 -144.3700 -81.2200 15 378 -39.1300 -145.3600
-3.5301697281e-01 -2.1107290286e-01 -1.8804737746e+00
158 112 31
9 5 536 -185.0400 -24.2500 14 379 -60.3900 -113.4000 0 383 -208.8500 14.7900 1 400 -210.4100 7.2700 3 949 -206.5200 -4.5800 6 477 -173.0200 -32.0500 7 529 -160.2900 -35.9900 8 491 -157.6000 -42.6900 9 471 -152.7100 -68.1700
-1.2012504998e-01 -1.7776899038e-01 -1.8218615766e+00
93 34 0
12 5 554 -18.0400 -2.0800 14 384 117.2500 -93.5600 0 391 -43.8800 34.4400 1 410 -45.4800 26.8000 2 404 -48.8700 20.7000 3 500 -41.3800 15.3000 4 548 -29.9100 7.1300 6 490 -6.6100 -6.9900 8 515 9.8400 -16.8000 9 486 15.0800 -42.7900 10 503 29.0600 -57.9000 11 362 53.9800 -87.2900
-1.2003640820e-01 -1.7773903373e-01 -1.8222012457e+00
93 34 0
14 5 555 -18.0400 -2.0800 14 385 117.2500 -93.5600 0 392 -43.8800 34.4400 1 411 -45.4800 26.8000 2 405 -48.8700 20.7000 3 501 -41.3800 15.3000 4 549 -29.9100 7.1300 6 491 -6.6100 -6.9900 7 545 6.0700 -9.3200 8 516 9.8400 -16.8000 9 487 15.0800 -42.7900 10 504 29.0600 -57.9000 13 448 102.7700 -68.5700 11 363 53.9800 -87.2900
-3.4261870101e-01 -1.7433033136e-01 -1.8625537369e+00
103 62 10
13 5 558 -178.8700 1.5000 14 668 -52.7400 -91.0600 0 397 -203.6600 41.1100 1 422 -205.2100 33.4200 2 411 -208.5100 27.0900 3 511 -201.7300 21.3300 4 554 -189.9500 13.0600 6 493 -168.3600 -5.7100 7 546 -155.9700 -9.6900 8 517 -152.2800 -16.3300 9 901 -147.1900 -42.1900 13 451 -74.6300 -65.2000 11 550 -116.9000 -85.6300
-1.2098319029e-01 -1.6307500179e-01 -1.8188752281e+00
98 37 4
13 5 565 -18.3100 8.6900 14 391 117.1801 -83.4600 0 402 -44.0700 45.3300 1 426 -45.9300 37.7400 2 415 -49.2500 31.6000 3 518 -41.5200 26.0100 4 562 -30.0400 17.9400 6 501 -7.0300 3.8400 7 558 5.4500 1.5900 8 523 9.3300 -5.8200 9 494 14.5000 -31.7900 10 515 28.8700 -47.1300 11 369 53.5000 -76.0200
-1.3534234597e-01 -1.3972917842e-01 -1.8131541731e+00
100 45 21
11 5 583 -28.1700 26.6600 14 268 107.6400 -67.9400 0 413 -53.7500 63.2200 1 444 -55.5300 55.6200 2 433 -59.2000 49.3500 3 539 -51.1300 44.1800 7 301 -4.8000 19.1200 10 313 18.7700 -29.4500 13 293 92.4600 -40.9100 11 260 43.5700 -58.3000 12 232 69.2900 -49.7300
-3.5941325260e-01 -1.2383544232e-01 -1.8609072895e+00
106 60 8
14 5 593 -191.2000 38.6300 14 401 -68.0000 -54.7600 0 430 -214.3900 77.4200 1 465 -216.3100 69.9900 2 453 -219.2700 63.5100 3 563 -212.5300 58.2000 4 598 -201.6600 50.0600 6 525 -180.3800 30.2900 7 589 -168.0500 26.0400 8 547 -164.9000 19.7900 9 521 -160.7400 -5.5900 10 533 -149.3200 -19.7500 13 494 -87.4500 -28.6300 11 375 -131.6100 -47.3800
-3.5941325260e-01 -1.2383544232e-01 -1.8609072895e+00
106 60 8
14 5 594 -191.2000 38.6300 14 402 -68.0000 -54.7600 0 431 -214.3900 77.4200 1 466 -216.3100 69.9900 2 454 -219.2700 63.5100 3 564 -212.5300 58.2000 4 599 -201.6600 50.0600 6 526 -180.3800 30.2900 7 590 -168.0500 26.0400 8 548 -164.9000 19.7900 9 522 -160.7400 -5.5900 10 534 -149.3200 -19.7500 13 495 -87.4500 -28.6300 11 376 -131.6100 -47.3800
-1.0903743380e-01 -3.3886372652e-01 -1.8531263333e+00
87 3 3
14 5 924 -13.6000 -116.8900 14 588 118.6801 -196.5200 0 630 -40.8300 -80.2200 1 677 -42.6000 -87.2400 2 646 -46.0200 -93.2300 3 866 -38.2400 -99.1900 4 918 -26.8600 -107.5200 6 787 -0.5300 -121.6700 7 873 13.3600 -123.8700 8 805 16.1100 -132.1100 9 804 21.4000 -157.0700 10 432 35.1700 -172.7100 13 699 105.5601 -180.6600 11 321 59.6700 -203.0800
-7.5667131746e-02 -3.3968214381e-01 -1.8654369936e+00
80 0 1
15 5 929 8.4500 -116.0000 14 603 140.3400 -192.4300 0 632 -19.0600 -79.3600 1 680 -20.9900 -86.4500 2 647 -24.3500 -92.4500 3 865 -16.2400 -98.8900 4 926 -4.8000 -107.0000 6 790 21.1800 -120.6000 7 874 35.0400 -122.5400 8 807 38.1200 -130.2600 9 807 43.4000 -154.8400 10 783 57.5500 -170.5700 13 705 128.1200 -176.3100 11 509 82.7400 -200.6300 15 339 154.5300 -215.3100
8.9442579579e-03 -3.4056270236e-01 -1.8847851441e+00
132 38 22
11 5 1560 63.1500 -114.4600 14 1569 190.6000 -180.9200 0 634 36.0500 -78.8900 1 1128 33.9500 -86.4000 2 1083 30.7200 -92.3300 3 867 38.5800 -98.3200 4 1514 50.0300 -106.4200 6 1323 76.1400 -117.9100 7 1438 89.6801 -119.3400 9 1363 98.1700 -151.1200 13 1114 181.8800 -166.9200
-1.0266032188e-01 -2.9999637409e-01 -1.8533361931e+00
78 3 4
14 5 964 -8.3800 -90.6000 14 614 124.5800 -171.6600 0 657 -35.9400 -52.2800 1 705 -37.7700 -59.7100 2 668 -41.1800 -65.6500 3 445 -32.8000 -73.0700 4 964 -21.5700 -80.5200 6 1362 3.4400 -93.2900 7 911 17.1800 -95.8200 8 830 20.4900 -103.8100 9 1391 25.4500 -128.8800 10 820 39.7800 -144.9700 13 730 110.7000 -153.1000 15 632 140.1300 -198.2800
-3.8733205807e-02 -2.7283220566e-01 -1.8553710508e+00
74 0 2
12 5 991 35.6100 -70.0800 14 625 166.8900 -147.4100 0 667 8.8700 -34.5200 1 717 6.9600 -41.9300 2 1149 4.0900 -47.7400 3 920 11.5200 -53.3400 4 989 23.0800 -61.9000 6 1389 47.9500 -73.5800 7 929 61.2600 -75.8400 8 847 64.7200 -83.5300 9 845 69.8500 -108.4600 10 832 84.2400 -123.6700
-3.5347092774e-01 -2.3451112993e-01 -1.8845330810e+00
108 60 0
13 5 521 -184.3500 -40.7300 14 373 -60.0700 -128.1800 0 677 -209.5500 -1.2600 1 384 -210.8800 -8.9000 2 387 -213.9600 -15.0300 4 510 -196.0000 -29.1800 6 459 -172.9400 -48.3200 7 952 -160.3300 -52.1100 8 478 -157.2300 -59.0600 9 461 -152.4700 -84.2300 10 463 -140.9100 -99.0000 13 423 -79.9000 -105.8500 11 339 -122.3100 -128.4400
-2.7035178520e-01 -2.2129641494e-01 -1.8468163246e+00
94 48 2
9 5 1024 -128.4300 -32.8500 14 638 2.2200 -126.1600 0 683 -153.9900 5.8100 1 737 -155.5700 -1.5600 3 940 -151.6600 -13.5400 4 1019 -140.3600 -22.0300 7 962 -103.9600 -42.7700 10 849 -82.8700 -91.4300 13 778 -16.5600 -101.9400
-3.7459301743e-01 -2.1780590193e-01 -1.9004056625e+00
157 109 38
9 5 1671 -196.8200 -28.5600 14 1085 -75.4500 -114.6600 0 690 -220.5800 10.1800 1 1230 -222.3300 2.6200 2 698 -224.8600 -3.6100 3 1513 -218.7800 -8.8800 4 1024 -207.0700 -17.6300 6 1434 -185.0700 -37.1700 7 963 -172.2600 -41.2600
-3.3672923977e-01 -1.7013485787e-01 -1.8611166748e+00
155 104 29
9 5 1052 -174.7400 4.6000 14 673 -49.2800 -87.8700 0 712 -199.3800 43.9200 1 760 -200.8100 36.2900 4 1057 -186.1900 16.3100 7 991 -151.5100 -6.5800 8 897 -148.4300 -13.3800 9 904 -143.8800 -38.8200 10 869 -131.8500 -53.4100
-3.6624790190e-01 -1.6743553706e-01 -1.8799344166e+00
94 58 1
14 5 1055 -193.0300 6.2800 14 683 -71.9500 -82.7400 0 715 -217.2600 45.6900 1 1266 -218.6700 38.1500 2 716 -222.0100 31.8900 3 971 -215.1100 26.2500 4 1060 -204.4700 18.1500 6 893 -182.3400 -1.4100 7 994 -170.0800 -5.4000 8 898 -167.1000 -11.8500 9 1467 -162.1800 -37.4700 10 871 -151.1700 -51.5200 13 1223 -90.5900 -59.2400 11 553 -134.5000 -78.8200
-3.4843224541e-01 -1.6695996448e-01 -1.8660467570e+00
154 104 31
11 5 1054 -182.5500 6.7300 14 680 -57.8700 -85.0100 0 716 -206.8200 46.0700 1 762 -208.7900 38.6600 2 717 -211.7800 32.5100 3 972 -204.8300 26.6400 8 899 -156.1300 -11.4500 9 907 -151.4800 -36.7600 10 872 -140.2900 -50.9900 13 460 -77.7500 -59.6100 11 551 -122.1000 -79.5900
-1.3206047340e-01 -9.0371783808e-02 -1.8021341928e+00
157 110 47
14 5 1097 -24.6300 64.3800 14 1170 111.6400 -31.7300 0 752 -49.4900 100.6600 1 1324 -51.4500 92.2600 2 1276 -54.8100 86.8600 3 1014 -47.3600 81.7900 4 1742 -35.8800 73.6600 6 945 -14.3300 59.7400 7 1039 -2.0500 57.2000 8 953 1.9500 49.6200 9 962 7.1100 23.9900 10 934 21.5000 8.8900 13 876 96.7600 -2.7400 15 782 129.8000 -73.8800
-1.3212805490e-01 -9.1051727006e-02 -1.8010302022e+00
157 110 47
15 5 1096 -24.6300 64.3800 14 1169 111.6400 -31.7300 0 753 -49.4900 100.6600 1 1325 -51.4500 92.2600 2 1277 -54.8100 86.8600 3 1013 -47.3600 81.7900 4 1741 -35.8800 73.6600 6 944 -14.3300 59.7400 7 1038 -2.0500 57.2000 8 952 1.9500 49.6200 9 961 7.1100 23.9900 10 933 21.5000 8.8900 13 877 96.7600 -2.7400 15 781 129.8000 -73.8800 19 1005 153.1200 123.5700
-3.6331136977e-01 -4.9008656375e-02 -1.8395988120e+00
175 101 63
13 5 1115 -196.3000 94.9200 14 418 -73.3900 -1.7800 0 777 -219.6200 134.6500 1 808 -221.0400 126.5900 2 769 -224.3800 120.3000 3 1025 -217.4500 114.8700 4 1135 -206.2100 106.5000 6 960 -186.9300 87.1100 8 969 -171.7300 76.7300 9 975 -167.1200 50.7000 10 590 -155.3000 36.7600 13 560 -94.7200 28.8500 11 398 -137.9000 10.4100
-3.6148996295e-01 -5.0438495368e-02 -1.8315515416e+00
175 101 63
27 5 1116 -196.3000 94.9200 14 419 -73.3900 -1.7800 0 778 -219.6200 134.6500 1 809 -221.0400 126.5900 2 770 -224.3800 120.3000 3 1026 -217.4500 114.8700 4 1136 -206.2100 106.5000 6 961 -186.9300 87.1100 8 970 -171.7300 76.7300 9 976 -167.1200 50.7000 10 591 -155.3000 36.7600 13 561 -94.7200 28.8500 11 399 -137.9000 10.4100 15 819 -48.2700 -46.1100 19 324 -2.9800 142.6200 22 245 32.1600 274.5800 23 501 31.0100 301.5100 27 312 -38.5600 268.1800 25 270 -37.6700 226.9200 30 313 12.6400 283.9900 31 381 10.0800 281.1600 33 413 -49.2000 260.2100 35 404 -62.9600 282.6100 34 339 -65.2800 272.4300 39 354 95.3400 195.4600 28 295 -16.9100 259.1300 36 331 -17.4200 292.5800
6.8317714647e-01 -6.2136226271e-01 -1.6403559702e+00
68 65 47
10 5 1199 678.7400 -388.7000 14 805 820.2800 -462.7800 0 853 634.3101 -357.8700 1 884 631.6600 -365.0900 4 1207 656.8600 -387.2800 6 1060 699.3900 -383.3100 7 1157 718.9500 -380.9600 8 1040 722.9399 -393.1800 9 1074 729.7600 -421.2400 12 374 841.8199 -483.1700
1.9811978597e-01 -6.1707388790e-01 -1.7042660366e+00
28 22 6
