# Bundle file v0.3
200 3813
5.3200000000e+02 0.0000000000e+00 0.0000000000e+00
9.9797413637e-01 1.3179586416e-02 6.2240835797e-02
-4.2159876628e-03 9.8985707655e-01 -1.4200420222e-01
-6.3481088419e-02 1.4145411448e-01 9.8790732607e-01
1.4761770508e-01 -6.2674038872e-02 1.1204493545e+00
5.3200000000e+02 0.0000000000e+00 0.0000000000e+00
9.9795723542e-01 1.2560664659e-02 6.2638534335e-02
-4.0680248531e-03 9.9098558640e-01 -1.3390675382e-01
-6.3755842509e-02 1.3337839873e-01 9.8901233324e-01
1.4456583482e-01 -5.8018277170e-02 1.1174443714e+00
5.3200000000e+02 0.0000000000e+00 0.0000000000e+00
9.9794233998e-01 1.1073883076e-02 6.3154217450e-02
-2.9802207118e-03 9.9191906431e-01 -1.2683725065e-01
-6.4048453163e-02 1.2638804920e-01 9.8991103472e-01
1.3912754344e-01 -5.2997159674e-02 1.1150345365e+00
5.3200000000e+02 0.0000000000e+00 0.0000000000e+00
9.9800692687e-01 9.0174881934e-03 6.2456855661e-02
-9.3976793210e-04 9.9175152403e-01 -1.2817188230e-01
-6.3097470224e-02 1.2785773142e-01 9.8978336507e-01
1.5099491323e-01 -6.5804634178e-02 1.1193386193e+00
5.3200000000e+02 0.0000000000e+00 0.0000000000e+00
9.9807357594e-01 7.0458637884e-03 6.1640026132e-02
8.2052745633e-04 9.9194434729e-01 -1.2667177513e-01
-6.2035987562e-02 1.2647832891e-01 9.9002766050e-01
1.6827083993e-01 -7.6250928092e-02 1.1203989677e+00
5.3200000000e+02 0.0000000000e+00 0.0000000000e+00
9.9804069749e-01 -8.1053715520e-03 6.2040866421e-02
1.5732721339e-02 9.9222486924e-01 -1.2345967089e-01
-6.0557804068e-02 1.2419384771e-01 9.9040832012e-01
1.8636571711e-01 -8.3852871714e-02 1.1212805563e+00
5.3200000000e+02 0.0000000000e+00 0.0000000000e+00
9.9773180000e-01 -2.4094122158e-02 6.2854821133e-02
3.1577297135e-02 9.9215978424e-01 -1.2092078747e-01
-5.9448545549e-02 1.2263130030e-01 9.9067019468e-01
2.0410195593e-01 -8.5281823838e-02 1.1219338989e+00
5.3200000000e+02 0.0000000000e+00 0.0000000000e+00
9.9748803385e-01 -3.3872053060e-02 6.2211786201e-02
4.1131076504e-02 9.9199637318e-01 -1.1937935395e-01
-5.7670242469e-02 1.2163831479e-01 9.9089770588e-01
2.2252355379e-01 -8.5288981232e-02 1.1223708686e+00
5.3200000000e+02 0.0000000000e+00 0.0000000000e+00
9.9765508299e-01 -2.8797990721e-02 6.2088735857e-02
3.6130196147e-02 9.9206686995e-01 -1.2040736884e-01
-5.8128687550e-02 1.2236830176e-01 9.9078103252e-01
2.2941309840e-01 -1.0044223319e-01 1.1257022293e+00
5.3200000000e+02 0.0000000000e+00 0.0000000000e+00
9.9751448906e-01 -3.1324735793e-02 6.3115806543e-02
3.8873937573e-02 9.9174713266e-01 -1.2217381817e-01
-5.8767857589e-02 1.2432371374e-01 9.9049985013e-01
2.3964925231e-01 -1.4723824241e-01 1.1263457566e+00
5.3200000000e+02 0.0000000000e+00 0.0000000000e+00
9.9743744029e-01 -3.0708117928e-02 6.4618605630e-02
3.8902668302e-02 9.9079705959e-01 -1.2964478050e-01
-6.0042777245e-02 1.3182639419e-01 9.8945271069e-01
2.6618424621e-01 -1.8685862851e-01 1.1368985456e+00
5.3200000000e+02 0.0000000000e+00 0.0000000000e+00
9.9743242326e-01 -3.4049178898e-02 6.3001701866e-02
4.3232691722e-02 9.8763583644e-01 -1.5068639270e-01
-5.7091990577e-02 1.5302322698e-01 9.8657204330e-01
3.0036164174e-01 -2.7408535587e-01 1.1638537631e+00
5.3200000000e+02 0.0000000000e+00 0.0000000000e+00
9.9789829119e-01 -3.9383163456e-02 5.1458399383e-02
4.9219442736e-02 9.7718677844e-01 -2.0659972530e-01
-4.2147916766e-02 2.0869826658e-01 9.7707143374e-01
3.1849452945e-01 -3.7145301422e-01 1.1747351826e+00
5.3200000000e+02 0.0000000000e+00 0.0000000000e+00
9.9800569026e-01 -4.3502812820e-02 4.5739998747e-02
5.4189632003e-02 9.6207437230e-01 -2.6735067972e-01
-3.2374774007e-02 2.6929613335e-01 9.6251309943e-01
3.3896302712e-01 -4.8179845266e-01 1.1677349016e+00
5.3200000000e+02 0.0000000000e+00 0.0000000000e+00
9.9726701135e-01 -4.5213424509e-02 5.8431620783e-02
5.9651830602e-02 9.5937933586e-01 -2.7574072793e-01
-4.3590906953e-02 2.7847268480e-01 9.5945442656e-01
3.9369163980e-01 -5.4136182594e-01 1.1325286106e+00
5.3200000000e+02 0.0000000000e+00 0.0000000000e+00
9.9532992966e-01 -6.9071178077e-02 6.7435179916e-02
8.5449761980e-02 9.5541647427e-01 -2.8262642989e-01
-4.4907341369e-02 2.8706886465e-01 9.5685672785e-01
4.5109743352e-01 -6.2749387132e-01 1.0661136071e+00
0 0 0
0 0 0
0 0 0
0 0 0
0 0 0
0 0 0
0 0 0
0 0 0
0 0 0
0 0 0
0 0 0
0 0 0
0 0 0
0 0 0
0 0 0
5.3200000000e+02 0.0000000000e+00 0.0000000000e+00
9.9152366118e-01 -6.4057682220e-02 1.1303735081e-01
8.7993997984e-02 9.7118523023e-01 -2.2148657952e-01
-9.5592288639e-02 2.2955579265e-01 9.6858982671e-01
6.1794659091e-01 -1.2658658670e-01 9.1857983663e-01
0 0 0
0 0 0
0 0 0
0 0 0
0 0 0
0 0 0
0 0 0
0 0 0
0 0 0
0 0 0
5.3200000000e+02 0.0000000000e+00 0.0000000000e+00
9.8135494949e-01 -1.8715726872e-01 4.3756369580e-02
1.8809546687e-01 8.8833841976e-01 -4.1889729925e-01
3.9529210197e-02 4.1931731272e-01 9.0697873889e-01
5.3230678224e-01 -2.2775828779e-01 8.2165870956e-01
5.3200000000e+02 0.0000000000e+00 0.0000000000e+00
9.7074557962e-01 -2.3062732296e-01 6.6813602977e-02
2.3581025014e-01 8.6328073657e-01 -4.4625093366e-01
4.5238761808e-02 4.4895145368e-01 8.9241024572e-01
5.8007713550e-01 -2.1215215024e-01 7.8628890902e-01
0 0 0
0 0 0
0 0 0
0 0 0
0 0 0
0 0 0
0 0 0
0 0 0
0 0 0
0 0 0
0 0 0
0 0 0
0 0 0
0 0 0
0 0 0
0 0 0
0 0 0
0 0 0
0 0 0
0 0 0
0 0 0
0 0 0
0 0 0
0 0 0
0 0 0
0 0 0
0 0 0
0 0 0
0 0 0
0 0 0
0 0 0
0 0 0
0 0 0
0 0 0
0 0 0
0 0 0
0 0 0
0 0 0
0 0 0
0 0 0
0 0 0
0 0 0
0 0 0
0 0 0
0 0 0
0 0 0
0 0 0
0 0 0
0 0 0
0 0 0
0 0 0
0 0 0
0 0 0
0 0 0
0 0 0
0 0 0
0 0 0
0 0 0
0 0 0
0 0 0
0 0 0
0 0 0
0 0 0
0 0 0
0 0 0
0 0 0
0 0 0
0 0 0
0 0 0
0 0 0
0 0 0
0 0 0
0 0 0
0 0 0
0 0 0
0 0 0
0 0 0
0 0 0
0 0 0
0 0 0
0 0 0
0 0 0
0 0 0
0 0 0
0 0 0
0 0 0
0 0 0
0 0 0
0 0 0
0 0 0
0 0 0
0 0 0
0 0 0
0 0 0
0 0 0
0 0 0
0 0 0
0 0 0
0 0 0
0 0 0
0 0 0
0 0 0
0 0 0
0 0 0
0 0 0
0 0 0
0 0 0
0 0 0
0 0 0
0 0 0
0 0 0
0 0 0
0 0 0
0 0 0
0 0 0
0 0 0
0 0 0
0 0 0
0 0 0
0 0 0
0 0 0
0 0 0
0 0 0
0 0 0
0 0 0
0 0 0
0 0 0
0 0 0
0 0 0
0 0 0
0 0 0
0 0 0
0 0 0
0 0 0
0 0 0
0 0 0
0 0 0
0 0 0
0 0 0
0 0 0
0 0 0
0 0 0
0 0 0
0 0 0
0 0 0
0 0 0
0 0 0
0 0 0
0 0 0
0 0 0
0 0 0
0 0 0
0 0 0
0 0 0
0 0 0
0 0 0
0 0 0
0 0 0
0 0 0
0 0 0
0 0 0
0 0 0
0 0 0
0 0 0
0 0 0
0 0 0
0 0 0
0 0 0
0 0 0
0 0 0
0 0 0
0 0 0
0 0 0
0 0 0
0 0 0
0 0 0
0 0 0
0 0 0
0 0 0
0 0 0
0 0 0
0 0 0
0 0 0
0 0 0
0 0 0
0 0 0
0 0 0
0 0 0
0 0 0
0 0 0
0 0 0
0 0 0
0 0 0
0 0 0
0 0 0
0 0 0
0 0 0
0 0 0
0 0 0
0 0 0
0 0 0
0 0 0
0 0 0
0 0 0
0 0 0
0 0 0
0 0 0
0 0 0
0 0 0
0 0 0
0 0 0
0 0 0
0 0 0
0 0 0
0 0 0
0 0 0
0 0 0
0 0 0
0 0 0
0 0 0
0 0 0
0 0 0
0 0 0
0 0 0
0 0 0
0 0 0
0 0 0
0 0 0
0 0 0
0 0 0
0 0 0
0 0 0
0 0 0
0 0 0
0 0 0
0 0 0
0 0 0
0 0 0
0 0 0
0 0 0
0 0 0
0 0 0
0 0 0
0 0 0
0 0 0
0 0 0
0 0 0
0 0 0
0 0 0
0 0 0
0 0 0
0 0 0
0 0 0
0 0 0
0 0 0
0 0 0
0 0 0
0 0 0
0 0 0
0 0 0
0 0 0
0 0 0
0 0 0
0 0 0
0 0 0
0 0 0
0 0 0
0 0 0
0 0 0
0 0 0
0 0 0
0 0 0
0 0 0
0 0 0
0 0 0
0 0 0
0 0 0
0 0 0
0 0 0
0 0 0
0 0 0
0 0 0
0 0 0
0 0 0
0 0 0
0 0 0
0 0 0
0 0 0
0 0 0
0 0 0
0 0 0
0 0 0
0 0 0
0 0 0
0 0 0
0 0 0
0 0 0
0 0 0
0 0 0
0 0 0
0 0 0
0 0 0
0 0 0
0 0 0
0 0 0
0 0 0
0 0 0
0 0 0
0 0 0
0 0 0
0 0 0
0 0 0
0 0 0
0 0 0
0 0 0
0 0 0
0 0 0
0 0 0
0 0 0
0 0 0
0 0 0
0 0 0
0 0 0
0 0 0
0 0 0
0 0 0
0 0 0
0 0 0
0 0 0
0 0 0
0 0 0
0 0 0
0 0 0
0 0 0
0 0 0
0 0 0
0 0 0
0 0 0
0 0 0
0 0 0
0 0 0
0 0 0
0 0 0
0 0 0
0 0 0
0 0 0
0 0 0
0 0 0
0 0 0
0 0 0
0 0 0
0 0 0
0 0 0
0 0 0
0 0 0
0 0 0
0 0 0
0 0 0
0 0 0
0 0 0
0 0 0
0 0 0
0 0 0
0 0 0
0 0 0
0 0 0
0 0 0
0 0 0
0 0 0
0 0 0
0 0 0
0 0 0
0 0 0
0 0 0
0 0 0
0 0 0
0 0 0
0 0 0
0 0 0
0 0 0
0 0 0
0 0 0
0 0 0
0 0 0
0 0 0
0 0 0
0 0 0
0 0 0
0 0 0
0 0 0
0 0 0
0 0 0
0 0 0
0 0 0
0 0 0
0 0 0
0 0 0
0 0 0
0 0 0
0 0 0
0 0 0
0 0 0
0 0 0
0 0 0
0 0 0
0 0 0
0 0 0
0 0 0
0 0 0
0 0 0
0 0 0
0 0 0
0 0 0
0 0 0
0 0 0
0 0 0
0 0 0
0 0 0
0 0 0
0 0 0
0 0 0
0 0 0
0 0 0
0 0 0
0 0 0
0 0 0
0 0 0
0 0 0
0 0 0
0 0 0
0 0 0
0 0 0
0 0 0
0 0 0
0 0 0
0 0 0
0 0 0
0 0 0
0 0 0
0 0 0
0 0 0
0 0 0
0 0 0
0 0 0
0 0 0
0 0 0
0 0 0
0 0 0
0 0 0
0 0 0
0 0 0
0 0 0
0 0 0
0 0 0
0 0 0
0 0 0
0 0 0
0 0 0
0 0 0
0 0 0
0 0 0
0 0 0
0 0 0
0 0 0
0 0 0
0 0 0
0 0 0
0 0 0
0 0 0
0 0 0
0 0 0
0 0 0
0 0 0
0 0 0
0 0 0
0 0 0
0 0 0
0 0 0
0 0 0
0 0 0
0 0 0
0 0 0
0 0 0
0 0 0
0 0 0
0 0 0
0 0 0
0 0 0
0 0 0
0 0 0
0 0 0
0 0 0
0 0 0
0 0 0
0 0 0
0 0 0
0 0 0
0 0 0
0 0 0
0 0 0
0 0 0
0 0 0
0 0 0
0 0 0
0 0 0
0 0 0
0 0 0
0 0 0
0 0 0
0 0 0
0 0 0
0 0 0
0 0 0
0 0 0
0 0 0
0 0 0
0 0 0
0 0 0
0 0 0
0 0 0
0 0 0
0 0 0
0 0 0
0 0 0
0 0 0
0 0 0
0 0 0
0 0 0
0 0 0
0 0 0
0 0 0
0 0 0
0 0 0
0 0 0
0 0 0
0 0 0
0 0 0
0 0 0
0 0 0
0 0 0
0 0 0
0 0 0
0 0 0
0 0 0
0 0 0
0 0 0
0 0 0
0 0 0
0 0 0
0 0 0
0 0 0
0 0 0
0 0 0
0 0 0
0 0 0
0 0 0
0 0 0
0 0 0
0 0 0
0 0 0
0 0 0
0 0 0
0 0 0
0 0 0
0 0 0
0 0 0
0 0 0
0 0 0
0 0 0
0 0 0
0 0 0
0 0 0
0 0 0
0 0 0
0 0 0
0 0 0
0 0 0
0 0 0
0 0 0
0 0 0
0 0 0
0 0 0
0 0 0
0 0 0
0 0 0
0 0 0
0 0 0
0 0 0
0 0 0
0 0 0
0 0 0
0 0 0
0 0 0
0 0 0
0 0 0
0 0 0
0 0 0
0 0 0
0 0 0
0 0 0
0 0 0
0 0 0
0 0 0
0 0 0
0 0 0
0 0 0
0 0 0
0 0 0
0 0 0
0 0 0
0 0 0
0 0 0
0 0 0
0 0 0
0 0 0
0 0 0
0 0 0
0 0 0
0 0 0
0 0 0
0 0 0
0 0 0
0 0 0
0 0 0
0 0 0
0 0 0
0 0 0
0 0 0
0 0 0
0 0 0
0 0 0
0 0 0
0 0 0
0 0 0
0 0 0
0 0 0
0 0 0
0 0 0
0 0 0
0 0 0
0 0 0
0 0 0
0 0 0
0 0 0
0 0 0
0 0 0
0 0 0
0 0 0
0 0 0
0 0 0
0 0 0
0 0 0
0 0 0
0 0 0
0 0 0
0 0 0
0 0 0
0 0 0
0 0 0
0 0 0
0 0 0
0 0 0
0 0 0
0 0 0
0 0 0
0 0 0
0 0 0
0 0 0
0 0 0
0 0 0
0 0 0
0 0 0
0 0 0
0 0 0
0 0 0
0 0 0
0 0 0
0 0 0
0 0 0
0 0 0
0 0 0
0 0 0
0 0 0
0 0 0
0 0 0
0 0 0
0 0 0
0 0 0
0 0 0
0 0 0
0 0 0
0 0 0
0 0 0
0 0 0
0 0 0
0 0 0
0 0 0
0 0 0
0 0 0
0 0 0
0 0 0
0 0 0
0 0 0
0 0 0
0 0 0
0 0 0
0 0 0
0 0 0
0 0 0
0 0 0
0 0 0
0 0 0
0 0 0
0 0 0
0 0 0
0 0 0
0 0 0
0 0 0
0 0 0
0 0 0
0 0 0
0 0 0
0 0 0
0 0 0
0 0 0
0 0 0
0 0 0
0 0 0
0 0 0
0 0 0
0 0 0
0 0 0
0 0 0
0 0 0
0 0 0
0 0 0
0 0 0
0 0 0
0 0 0
0 0 0
0 0 0
0 0 0
0 0 0
0 0 0
0 0 0
0 0 0
0 0 0
0 0 0
0 0 0
0 0 0
0 0 0
0 0 0
0 0 0
0 0 0
0 0 0
0 0 0
0 0 0
0 0 0
0 0 0
0 0 0
0 0 0
0 0 0
0 0 0
0 0 0
0 0 0
0 0 0
0 0 0
0 0 0
0 0 0
0 0 0
0 0 0
0 0 0
0 0 0
0 0 0
0 0 0
0 0 0
0 0 0
0 0 0
0 0 0
0 0 0
0 0 0
0 0 0
0 0 0
0 0 0
0 0 0
0 0 0
0 0 0
0 0 0
0 0 0
0 0 0
0 0 0
0 0 0
0 0 0
0 0 0
0 0 0
0 0 0
0 0 0
0 0 0
0 0 0
0 0 0
0 0 0
0 0 0
0 0 0
0 0 0
0 0 0
0 0 0
0 0 0
0 0 0
0 0 0
0 0 0
0 0 0
0 0 0
0 0 0
0 0 0
0 0 0
0 0 0
0 0 0
0 0 0
0 0 0
0 0 0
0 0 0
0 0 0
0 0 0
0 0 0
0 0 0
0 0 0
0 0 0
0 0 0
0 0 0
0 0 0
0 0 0
0 0 0
0 0 0
0 0 0
0 0 0
0 0 0
0 0 0
0 0 0
0 0 0
0 0 0
0 0 0
0 0 0
0 0 0
0 0 0
0 0 0
0 0 0
0 0 0
0 0 0
0 0 0
0 0 0
0 0 0
0 0 0
0 0 0
0 0 0
0 0 0
0 0 0
0 0 0
0 0 0
0 0 0
0 0 0
0 0 0
0 0 0
0 0 0
0 0 0
0 0 0
0 0 0
0 0 0
0 0 0
0 0 0
0 0 0
0 0 0
0 0 0
0 0 0
0 0 0
0 0 0
0 0 0
0 0 0
0 0 0
0 0 0
0 0 0
3.0288215791e-01 -5.5124916940e-01 -1.8752104676e+00
8 10 5
16 5 19 242.2500 -255.2000 14 34 394.2300 -338.4000 0 25 208.3700 -221.5900 1 22 205.6700 -228.9700 2 23 201.8700 -234.6600 3 22 212.4800 -241.8100 4 23 225.2900 -250.3400 6 21 258.1100 -257.7700 7 21 274.6300 -258.0400 8 21 279.1899 -268.3300 9 21 285.2600 -294.6100 10 34 304.2000 -311.3600 13 25 391.4800 -329.3900 11 29 340.2800 -350.3400 15 32 395.7400 -354.2500 12 23 371.8900 -341.6200
1.0826010899e-01 -2.7868016771e-01 -2.0936010344e+00
129 22 5
13 5 22 89.6801 -54.5800 14 40 214.7800 -120.2500 0 28 64.1600 -19.0100 1 25 62.5300 -26.5000 2 25 58.5800 -32.2400 3 24 66.6000 -38.2900 4 25 78.0800 -47.3600 7 23 114.0100 -59.2000 9 25 122.3400 -90.1800 10 30 136.2900 -104.6800 13 42 207.5500 -105.6200 11 25 161.9600 -132.0700 12 18 187.7400 -118.7200
3.6585449702e-01 -4.5274254886e-01 -1.8769784218e+00
160 135 84
19 5 28 286.1801 -194.1700 14 27 439.8000 -284.4400 0 34 252.5800 -160.5000 1 29 250.2100 -167.7800 2 31 246.3600 -173.3400 3 28 256.3101 -180.1800 4 31 269.6000 -188.6400 6 26 302.1600 -194.3500 7 29 318.3101 -194.1700 8 32 321.2700 -204.8300 9 34 327.8600 -231.9000 10 39 346.4600 -251.4100 13 29 438.8199 -271.0400 11 34 384.9301 -288.9700 15 25 437.7200 -302.7600 12 27 418.3700 -282.1400 19 19 410.9900 -56.0600 22 23 449.2300 119.1400 23 20 448.3000 163.4100
2.7299597011e-01 -4.5568924160e-01 -1.8902076674e+00
24 17 9
19 5 49 221.8199 -194.9900 14 37 374.2500 -284.2900 0 49 189.7400 -160.2100 1 44 187.5400 -167.5300 2 48 184.1100 -172.8900 3 48 193.8199 -179.8100 4 54 206.9000 -188.0800 6 53 237.2900 -195.7700 7 55 252.7700 -196.2400 8 40 257.1500 -205.6700 9 56 263.6300 -232.9800 10 60 282.0200 -251.8100 13 40 371.0800 -270.2700 11 44 318.3000 -288.6700 15 35 378.1200 -301.9500 12 39 351.1000 -280.8000 19 29 360.3199 -58.1100 22 30 398.9200 110.1800 23 26 397.7600 151.2800
1.0259035876e-01 -5.7676157781e-01 -1.8526085581e+00
26 98 24
16 5 45 121.0300 -285.7200 14 72 273.0200 -382.8500 0 63 87.3101 -247.9300 1 56 85.4800 -255.4100 2 56 81.3600 -260.9800 3 44 90.6500 -268.4600 4 66 102.9399 -277.2900 6 49 137.4700 -288.8500 8 51 156.5500 -300.8000 9 54 162.6600 -328.4100 10 58 179.4301 -348.6300 13 78 263.6300 -371.2000 11 62 211.3500 -390.2100 15 61 282.0900 -396.1700 12 49 241.3300 -382.7200 19 54 284.6000 -139.7000
1.6486593715e-01 -5.5451956013e-01 -1.8580321501e+00
23 93 21
16 5 62 160.7300 -267.7400 14 74 313.0100 -364.1500 0 66 126.8700 -231.5900 1 59 124.3199 -238.5800 2 58 121.0000 -244.1700 3 62 130.5800 -251.3700 4 68 143.5100 -260.2900 6 61 177.0300 -270.2600 7 66 193.7700 -271.4800 8 69 195.8300 -281.9600 9 68 202.5699 -309.5500 10 76 219.5900 -329.6900 13 80 305.1100 -352.1300 11 89 253.4399 -370.7200 12 77 283.5100 -363.5900 19 84 313.7400 -123.3200
4.5565440703e-01 -4.5515774178e-01 -1.8861485647e+00
20 15 12
15 5 66 338.1500 -188.9700 14 91 487.5601 -277.2900 0 70 304.3800 -156.3200 1 62 301.5400 -163.4700 2 61 297.9500 -169.1200 3 65 308.5699 -176.2300 4 72 321.9700 -184.3900 6 92 354.2000 -187.3700 7 71 370.1700 -187.4100 8 73 373.7500 -198.7600 9 69 380.0300 -225.4800 10 77 399.5601 -245.2400 13 82 491.1400 -263.9500 11 65 438.5300 -285.5000 12 81 473.0601 -275.5600
8.1472825764e-02 -5.4059361117e-01 -1.8568877281e+00
20 88 15
17 5 188 105.3000 -262.5100 14 179 261.5601 -362.1000 0 162 71.9399 -225.2100 1 164 69.9399 -232.2400 2 161 66.6500 -237.9000 3 177 75.9301 -245.0500 4 192 88.7000 -254.1600 6 175 121.6300 -265.6500 7 190 137.8500 -267.3400 8 198 141.1000 -277.6200 9 193 147.7600 -305.0200 10 208 164.8700 -325.2800 13 148 250.7200 -348.1600 11 195 197.3800 -365.9300 15 146 273.2900 -376.4300 12 143 227.8500 -358.7800 19 114 276.2200 -124.7100
2.4504191359e-01 -4.9844708243e-01 -1.8622232172e+00
24 117 23
16 5 193 212.4600 -229.3800 14 187 366.6899 -326.1200 0 166 178.3101 -194.2700 1 169 176.2100 -201.3900 2 164 172.8500 -206.9100 3 182 183.0100 -213.9500 4 197 195.7000 -222.6800 6 179 228.5500 -231.0100 7 195 244.4100 -231.6900 8 208 247.5601 -241.8300 9 200 254.1600 -269.5700 10 213 273.2700 -289.3700 13 195 361.9200 -312.3800 11 199 308.8199 -329.1000 15 151 370.8600 -341.6900 12 176 341.0400 -322.7200
-1.6999018141e-01 -7.3325635253e-02 -2.0166498117e+00
152 87 8
15 5 205 -65.3300 55.1100 14 125 70.4800 -45.2000 0 176 -90.0200 92.2100 1 184 -91.9300 84.5400 2 181 -95.1000 78.5700 3 193 -88.0000 73.2500 4 205 -76.7600 65.2500 6 195 -54.8400 49.5500 7 208 -42.8100 46.8500 8 225 -38.5900 39.0000 9 214 -33.2200 12.1700 10 236 -20.0100 -2.3000 13 155 53.5200 -15.0100 11 154 4.2300 -32.1000 15 161 90.9301 -86.5400
4.3630756159e-01 -9.1675327390e-01 -1.8926822046e+00
29 23 9
3 5 228 305.0100 -449.5400 14 299 423.5000 -483.5500 0 189 264.1400 -412.5200
4.2311003813e-03 -5.6894312065e-01 -1.8533011025e+00
53 113 44
11 5 266 54.2700 -283.5800 14 173 210.1700 -383.9100 0 204 21.0400 -245.5400 1 162 17.4000 -252.9900 2 157 14.1300 -258.7500 3 243 24.3400 -265.6500 4 260 37.2800 -274.6200 6 239 70.9399 -287.6700 7 245 87.2500 -289.7700 9 262 96.9700 -327.9700 10 271 113.9301 -348.5300
2.3390131169e-01 -5.0738746408e-01 -1.8559165011e+00
191 202 144
12 5 191 206.8101 -237.3900 14 184 361.7400 -334.5800 0 205 172.7800 -202.2900 1 216 170.6100 -209.3200 3 181 177.0200 -221.8500 4 196 190.0601 -230.6900 6 177 222.9500 -239.2500 7 252 239.0000 -240.3000 8 204 242.7200 -250.5300 9 197 249.1600 -278.2500 10 140 268.3800 -298.5000 13 191 356.9600 -321.5200
2.1126809528e-01 -5.0026490395e-01 -1.8633155392e+00
208 220 147
14 5 275 189.8000 -230.9500 14 185 344.9600 -328.4400 0 206 156.1801 -195.5200 1 217 153.9301 -202.6100 2 218 150.5300 -208.1800 3 248 160.4200 -215.1300 4 270 173.6300 -223.7600 6 245 205.7300 -232.8900 7 253 221.8300 -233.8000 8 205 225.6600 -244.1300 9 198 232.1400 -271.8400 10 211 250.6300 -291.8400 13 192 338.7600 -314.4100 11 143 286.6700 -331.9400
2.1126809528e-01 -5.0026490395e-01 -1.8633155392e+00
208 220 147
14 5 277 189.8000 -230.9500 14 186 344.9600 -328.4400 0 208 156.1801 -195.5200 1 219 153.9301 -202.6100 2 220 150.5300 -208.1800 3 249 160.4200 -215.1300 4 271 173.6300 -223.7600 6 247 205.7300 -232.8900 7 255 221.8300 -233.8000 8 207 225.6600 -244.1300 9 199 232.1400 -271.8400 10 212 250.6300 -291.8400 13 194 338.7600 -314.4100 11 144 286.6700 -331.9400
2.1990508410e-01 -4.9122231510e-01 -1.8652938658e+00
21 93 12
18 5 279 194.4500 -224.6300 14 233 347.9600 -321.0600 0 209 161.5100 -189.4100 1 220 159.1700 -196.6400 2 221 155.7000 -202.1900 3 251 165.4700 -209.1700 4 273 178.3500 -217.9000 6 248 210.4700 -226.4500 7 256 226.5000 -227.2400 8 291 230.5699 -237.5200 9 272 236.9399 -265.2600 10 283 254.7300 -284.9700 13 197 344.0500 -306.5800 11 244 289.9500 -324.5200 15 192 355.1200 -337.9400 12 220 323.9000 -316.5800 19 200 344.3199 -88.2000 23 135 389.6000 119.6300
2.5451091450e-01 -4.8997788730e-01 -1.8655116859e+00
218 218 165
14 5 280 217.6899 -222.4600 14 235 372.0699 -319.4000 0 210 183.9301 -187.5300 1 221 181.6500 -194.6600 2 222 178.2400 -200.3600 3 252 188.1899 -207.2300 4 274 201.2700 -215.9400 6 249 233.4000 -223.9400 7 258 249.6801 -224.5700 8 292 253.2200 -235.0200 9 274 259.7300 -262.6200 10 284 278.3400 -282.6700 13 260 367.8300 -305.1500 11 245 314.7400 -322.5700
2.4500713848e-01 -4.8318360864e-01 -1.8714233564e+00
16 89 11
11 5 282 210.2600 -216.4900 14 191 362.5900 -312.4400 0 212 177.0500 -181.5900 3 385 181.5900 -200.8000 4 423 193.9301 -209.6200 7 260 242.1500 -218.8300 8 293 244.8900 -229.6500 9 276 251.6100 -256.8100 10 285 269.6400 -276.1800 13 199 358.1300 -298.7000 19 155 353.8800 -83.1500
-5.9189701097e-02 -2.9935777448e-02 -2.0241886546e+00
112 65 40
15 5 337 1.9000 82.2200 14 276 138.5699 -13.1400 0 248 -22.8400 118.0900 1 258 -24.8600 110.2400 2 257 -28.1800 104.2400 3 312 -20.5500 98.9900 4 336 -8.9000 91.1000 6 295 12.1800 77.7600 7 320 24.2300 75.6100 8 342 28.6000 68.4200 9 320 33.6100 42.0500 10 341 48.1700 27.2400 13 319 125.0000 17.1600 11 272 73.7400 -0.1700 15 289 155.2600 -55.1100
8.8447135206e-01 -6.9977593144e-01 -1.7500683344e+00
22 14 0
14 5 389 682.9700 -387.3400 14 454 824.3400 -462.5700 0 281 638.4700 -356.8600 1 294 635.7900 -364.1200 2 288 631.8500 -369.7400 3 352 645.5900 -378.0000 4 385 661.1801 -386.4200 6 337 703.4399 -382.3900 7 375 723.2600 -379.4900 8 389 727.1700 -392.5700 9 370 733.8000 -420.5700 10 398 757.1200 -443.7300 11 236 808.1600 -489.2900 12 242 845.8101 -483.4100
5.8359785498e-01 -5.4562706500e-01 -1.7288624703e+00
89 87 66
11 5 256 510.4100 -307.3000 14 221 679.4000 -423.8800 0 295 468.8500 -274.5100 1 209 466.1600 -281.5500 2 208 462.4399 -286.8900 3 232 474.6899 -295.3000 4 252 489.9600 -304.2200 6 234 529.6700 -304.6800 7 241 548.7600 -303.1800 8 187 553.0200 -317.0400 9 179 560.7100 -347.7300
5.8161342587e-01 -5.4426447904e-01 -1.7275863485e+00
89 87 66
10 5 257 510.4100 -307.3000 14 222 679.4000 -423.8800 0 296 468.8500 -274.5100 2 209 462.4399 -286.8900 3 233 474.6899 -295.3000 4 253 489.9600 -304.2200 6 235 529.6700 -304.6800 7 242 548.7600 -303.1800 8 188 553.0200 -317.0400 9 180 560.7100 -347.7300
9.0257245474e-02 -5.4268815760e-01 -1.8506196243e+00
213 230 159
11 5 270 112.6100 -265.8000 14 177 270.1100 -366.0300 0 308 78.4900 -229.3800 1 315 76.5900 -236.0100 2 217 73.3400 -241.5800 4 267 95.7500 -257.6100 6 241 128.8000 -269.1200 7 250 145.0601 -270.8100 8 286 148.4301 -280.9900 9 269 155.0601 -308.8600 10 275 172.7500 -329.2300
2.7166202280e-01 -4.7905322514e-01 -1.8683393707e+00
207 224 153
15 5 412 227.8000 -214.2400 14 239 381.7100 -310.1900 0 315 194.2100 -179.9400 1 319 192.0800 -186.9400 2 326 188.4100 -192.7100 3 254 198.4600 -199.2900 6 361 243.5200 -216.0000 7 398 259.7100 -216.0300 8 295 263.2800 -226.5700 9 279 269.8300 -254.1500 10 288 288.5200 -274.0900 13 261 378.3300 -295.9400 12 222 357.6200 -305.9500 19 261 367.8700 -78.9900 23 222 411.5900 132.2900
3.3416496102e-01 -4.5659498491e-01 -1.8749863669e+00
214 228 156
16 5 286 266.4399 -196.9100 14 246 419.4399 -291.1300 0 317 232.6899 -163.0000 1 226 230.5601 -170.3300 2 226 227.0100 -175.8500 3 256 237.0601 -182.5200 4 276 250.2600 -191.1100 6 254 281.9900 -197.6000 7 264 298.1801 -197.6400 8 297 301.8700 -207.8900 9 280 308.2100 -235.5100 10 219 327.6200 -255.0900 13 267 418.4600 -276.5100 12 224 398.3500 -286.5300 19 203 396.3600 -62.6200 22 216 435.9399 110.0300
-7.1114328885e-02 -4.8054043614e-01 -2.0361687399e+00
98 11 6
7 5 431 -3.6900 -174.6800 14 334 127.5500 -246.2900 0 325 -32.3200 -138.0000 1 328 -34.1600 -145.0800 2 333 -37.3600 -151.0300 3 394 -29.2100 -157.2800 10 416 45.6800 -229.9700
-7.0961580418e-02 -4.8015693293e-01 -2.0346136842e+00
98 11 6
9 5 432 -3.6900 -174.6800 14 335 127.5500 -246.2900 0 326 -32.3200 -138.0000 1 329 -34.1600 -145.0800 2 334 -37.3600 -151.0300 3 395 -29.2100 -157.2800 6 374 9.5600 -179.7100 10 417 45.6800 -229.9700 13 373 114.6000 -234.1000
-3.0977355325e-01 -4.5476551949e-01 -2.0557227942e+00
107 52 12
12 5 439 -137.9800 -159.9700 14 338 -9.3100 -238.7300 0 333 -164.7700 -121.1100 1 333 -166.5700 -128.1400 2 340 -169.7800 -134.2700 3 401 -162.3000 -140.4200 4 441 -151.4600 -148.6900 6 381 -124.4300 -167.0600 7 416 -110.3900 -170.4700 8 428 -108.2400 -177.8600 9 414 -103.1300 -202.6500 10 420 -91.2300 -217.8600
-2.1626287870e-02 -4.0817816687e-01 -2.0465496204e+00
78 1 3
12 5 453 22.8700 -132.5300 14 578 152.8900 -205.8100 0 340 -5.1200 -96.2200 1 340 -6.6800 -103.5900 2 346 -10.2100 -109.4500 3 413 -2.0100 -115.5300 4 450 9.4300 -123.7100 6 392 35.9000 -136.5100 7 425 49.7400 -138.6100 9 426 57.9600 -171.2000 10 426 72.0200 -186.5000 13 681 141.9700 -191.0100
-2.3766555676e-01 -3.7196575678e-01 -2.0420265846e+00
151 87 20
5 5 469 -99.6700 -117.3300 14 353 31.8200 -201.5700 0 345 -126.3400 -79.0800 3 430 -123.7300 -98.5200 4 470 -112.5200 -106.5600
-2.4377630645e-01 -3.2019610225e-01 -2.0379097708e+00
112 58 14
13 5 491 -104.5100 -89.0400 14 364 27.3500 -176.6800 0 356 -130.7700 -50.5900 1 364 -132.7200 -57.9800 2 229 -136.1300 -63.8900 3 268 -128.6400 -69.9000 4 289 -117.4000 -78.2100 6 263 -92.3000 -95.2400 7 277 -78.6700 -98.2100 9 445 -69.6400 -131.2000 10 440 -57.2300 -147.1300 13 278 9.3400 -156.7100 11 331 -35.8000 -178.2600
4.5121224094e-02 -2.8953199005e-01 -2.0685206783e+00
75 5 1
12 5 512 58.1700 -63.9300 14 633 187.6100 -136.8700 0 363 31.4500 -28.8900 1 376 29.2200 -36.2600 2 380 25.9100 -42.2800 3 465 34.2100 -47.8800 4 498 45.6500 -55.7700 6 454 70.0500 -67.4400 7 500 83.6000 -68.9600 8 467 86.7400 -76.4700 9 455 91.7500 -101.3300 10 455 106.4399 -115.9800
-2.0605759005e-01 -2.6360980332e-01 -2.0329225820e+00
111 60 12
11 5 517 -83.5400 -57.8500 14 624 49.8500 -148.5100 0 369 -109.7400 -20.4000 3 470 -107.2300 -39.4300 4 502 -95.8400 -47.5900 8 468 -54.8900 -74.4000 9 456 -49.9400 -99.6100 10 456 -36.6100 -115.5600 13 414 32.4300 -126.2900 11 335 -13.8600 -146.1400 23 363 134.0300 201.7200
-3.4072451707e-01 -2.1299156429e-01 -2.0623500019e+00
102 59 8
11 5 533 -161.1200 -26.1200 14 376 -33.3500 -117.7100 0 378 -185.8600 12.6600 1 397 -187.5200 5.0400 4 528 -172.6400 -14.9400 6 474 -149.7400 -33.4900 7 526 -136.5000 -37.4400 8 486 -133.6500 -44.2000 10 482 -116.7500 -84.5600 13 436 -54.0300 -93.6200 11 348 -96.9300 -114.2100
-3.4083052087e-01 -2.1345989806e-01 -2.0633760699e+00
102 59 8
13 5 534 -161.1200 -26.1200 14 377 -33.3500 -117.7100 0 379 -185.8600 12.6600 1 398 -187.5200 5.0400 2 396 -189.7200 -1.9300 4 529 -172.6400 -14.9400 6 475 -149.7400 -33.4900 7 527 -136.5000 -37.4400 8 487 -133.6500 -44.2000 9 469 -128.8700 -69.6700 10 483 -116.7500 -84.5600 13 437 -54.0300 -93.6200 11 349 -96.9300 -114.2100
-3.6998300047e-01 -2.1690604603e-01 -2.0775366830e+00
160 113 32
14 5 1030 -173.5900 -28.3200 14 646 -48.0900 -117.9500 0 380 -201.5600 12.5900 1 395 -202.5500 4.6300 2 699 -203.4300 -2.4500 3 483 -198.3800 -7.4000 6 472 -165.0600 -34.4800 7 524 -152.3000 -38.2600 8 488 -149.4800 -44.9100 9 468 -142.5200 -71.3900 10 480 -132.8600 -85.0900 13 438 -71.8500 -92.9400 11 350 -113.8600 -114.4400 15 369 -24.2000 -151.4500
-3.9145115480e-01 -2.1391973235e-01 -2.0950904799e+00
158 112 31
13 5 535 -185.0400 -24.2500 14 378 -60.3900 -113.4000 0 382 -208.8500 14.7900 1 399 -210.4100 7.2700 2 703 -216.3400 2.2700 3 948 -206.5200 -4.5800 4 1031 -199.0900 -11.4700 6 476 -173.0200 -32.0500 7 528 -160.2900 -35.9900 8 490 -157.6000 -42.6900 9 470 -152.7100 -68.1700 10 855 -144.3700 -81.2200 15 378 -39.1300 -145.3600
-3.8563092432e-01 -2.1184425327e-01 -2.0800581772e+00
158 112 31
9 5 536 -185.0400 -24.2500 14 379 -60.3900 -113.4000 0 383 -208.8500 14.7900 1 400 -210.4100 7.2700 3 949 -206.5200 -4.5800 6 477 -173.0200 -32.0500 7 529 -160.2900 -35.9900 8 491 -157.6000 -42.6900 9 471 -152.7100 -68.1700
-9.2734384828e-02 -1.6998101636e-01 -2.0276591775e+00
93 34 0
12 5 554 -18.0400 -2.0800 14 384 117.2500 -93.5600 0 391 -43.8800 34.4400 1 410 -45.4800 26.8000 2 404 -48.8700 20.7000 3 500 -41.3800 15.3000 4 548 -29.9100 7.1300 6 490 -6.6100 -6.9900 8 515 9.8400 -16.8000 9 486 15.0800 -42.7900 10 503 29.0600 -57.9000 11 362 53.9800 -87.2900
-9.2646345901e-02 -1.7025282714e-01 -2.0297060356e+00
93 34 0
14 5 555 -18.0400 -2.0800 14 385 117.2500 -93.5600 0 392 -43.8800 34.4400 1 411 -45.4800 26.8000 2 405 -48.8700 20.7000 3 501 -41.3800 15.3000 4 549 -29.9100 7.1300 6 491 -6.6100 -6.9900 7 545 6.0700 -9.3200 8 516 9.8400 -16.8000 9 487 15.0800 -42.7900 10 504 29.0600 -57.9000 13 448 102.7700 -68.5700 11 363 53.9800 -87.2900
-3.7065370559e-01 -1.6396322378e-01 -2.0671722856e+00
103 62 10
13 5 558 -178.8700 1.5000 14 668 -52.7400 -91.0600 0 397 -203.6600 41.1100 1 422 -205.2100 33.4200 2 411 -208.5100 27.0900 3 511 -201.7300 21.3300 4 554 -189.9500 13.0600 6 493 -168.3600 -5.7100 7 546 -155.9700 -9.6900 8 517 -152.2800 -16.3300 9 901 -147.1900 -42.1900 13 451 -74.6300 -65.2000 11 550 -116.9000 -85.6300
-9.3088013186e-02 -1.5139525778e-01 -2.0269586122e+00
98 37 4
13 5 565 -18.3100 8.6900 14 391 117.1801 -83.4600 0 402 -44.0700 45.3300 1 426 -45.9300 37.7400 2 415 -49.2500 31.6000 3 518 -41.5200 26.0100 4 562 -30.0400 17.9400 6 501 -7.0300 3.8400 7 558 5.4500 1.5900 8 523 9.3300 -5.8200 9 494 14.5000 -31.7900 10 515 28.8700 -47.1300 11 369 53.5000 -76.0200
-1.0981917316e-01 -1.2123636649e-01 -2.0258911316e+00
100 45 21
11 5 583 -28.1700 26.6600 14 268 107.6400 -67.9400 0 413 -53.7500 63.2200 1 444 -55.5300 55.6200 2 433 -59.2000 49.3500 3 539 -51.1300 44.1800 7 301 -4.8000 19.1200 10 313 18.7700 -29.4500 13 293 92.4600 -40.9100 11 260 43.5700 -58.3000 12 232 69.2900 -49.7300
-3.8945835906e-01 -1.0100147775e-01 -2.0738637423e+00
106 60 8
14 5 593 -191.2000 38.6300 14 401 -68.0000 -54.7600 0 430 -214.3900 77.4200 1 465 -216.3100 69.9900 2 453 -219.2700 63.5100 3 563 -212.5300 58.2000 4 598 -201.6600 50.0600 6 525 -180.3800 30.2900 7 589 -168.0500 26.0400 8 547 -164.9000 19.7900 9 521 -160.7400 -5.5900 10 533 -149.3200 -19.7500 13 494 -87.4500 -28.6300 11 375 -131.6100 -47.3800
-3.8945835906e-01 -1.0100147775e-01 -2.0738637423e+00
106 60 8
14 5 594 -191.2000 38.6300 14 402 -68.0000 -54.7600 0 431 -214.3900 77.4200 1 466 -216.3100 69.9900 2 454 -219.2700 63.5100 3 564 -212.5300 58.2000 4 599 -201.6600 50.0600 6 526 -180.3800 30.2900 7 590 -168.0500 26.0400 8 548 -164.9000 19.7900 9 522 -160.7400 -5.5900 10 534 -149.3200 -19.7500 13 495 -87.4500 -28.6300 11 376 -131.6100 -47.3800
-8.6724167241e-02 -3.7336959622e-01 -2.0337013455e+00
87 3 3
14 5 924 -13.6000 -116.8900 14 588 118.6801 -196.5200 0 630 -40.8300 -80.2200 1 677 -42.6000 -87.2400 2 646 -46.0200 -93.2300 3 866 -38.2400 -99.1900 4 918 -26.8600 -107.5200 6 787 -0.5300 -121.6700 7 873 13.3600 -123.8700 8 805 16.1100 -132.1100 9 804 21.4000 -157.0700 10 432 35.1700 -172.7100 13 699 105.5601 -180.6600 11 321 59.6700 -203.0800
-4.6414194407e-02 -3.7782113380e-01 -2.0490402400e+00
80 0 1
15 5 929 8.4500 -116.0000 14 603 140.3400 -192.4300 0 632 -19.0600 -79.3600 1 680 -20.9900 -86.4500 2 647 -24.3500 -92.4500 3 865 -16.2400 -98.8900 4 926 -4.8000 -107.0000 6 790 21.1800 -120.6000 7 874 35.0400 -122.5400 8 807 38.1200 -130.2600 9 807 43.4000 -154.8400 10 783 57.5500 -170.5700 13 705 128.1200 -176.3100 11 509 82.7400 -200.6300 15 339 154.5300 -215.3100
5.6698232750e-02 -3.8628768225e-01 -2.0763926779e+00
132 38 22
11 5 1560 63.1500 -114.4600 14 1569 190.6000 -180.9200 0 634 36.0500 -78.8900 1 1128 33.9500 -86.4000 2 1083 30.7200 -92.3300 3 867 38.5800 -98.3200 4 1514 50.0300 -106.4200 6 1323 76.1400 -117.9100 7 1438 89.6801 -119.3400 9 1363 98.1700 -151.1200 13 1114 181.8800 -166.9200
-7.7552157321e-02 -3.2610568178e-01 -2.0416118461e+00
78 3 4
14 5 964 -8.3800 -90.6000 14 614 124.5800 -171.6600 0 657 -35.9400 -52.2800 1 705 -37.7700 -59.7100 2 668 -41.1800 -65.6500 3 445 -32.8000 -73.0700 4 964 -21.5700 -80.5200 6 1362 3.4400 -93.2900 7 911 17.1800 -95.8200 8 830 20.4900 -103.8100 9 1391 25.4500 -128.8800 10 820 39.7800 -144.9700 13 730 110.7000 -153.1000 15 632 140.1300 -198.2800
2.3888274110e-03 -2.9613610621e-01 -2.0529544369e+00
74 0 2
12 5 991 35.6100 -70.0800 14 625 166.8900 -147.4100 0 667 8.8700 -34.5200 1 717 6.9600 -41.9300 2 1149 4.0900 -47.7400 3 920 11.5200 -53.3400 4 989 23.0800 -61.9000 6 1389 47.9500 -73.5800 7 929 61.2600 -75.8400 8 847 64.7200 -83.5300 9 845 69.8500 -108.4600 10 832 84.2400 -123.6700
-3.8748174595e-01 -2.4142712783e-01 -2.0810732442e+00
108 60 0
13 5 521 -184.3500 -40.7300 14 373 -60.0700 -128.1800 0 677 -209.5500 -1.2600 1 384 -210.8800 -8.9000 2 387 -213.9600 -15.0300 4 510 -196.0000 -29.1800 6 459 -172.9400 -48.3200 7 952 -160.3300 -52.1100 8 478 -157.2300 -59.0600 9 461 -152.4700 -84.2300 10 463 -140.9100 -99.0000 13 423 -79.9000 -105.8500 11 339 -122.3100 -128.4400
-1.9320714509e-01 -2.2390906615e-01 -2.0331881514e+00
89 34 6
14 5 1017 -76.5700 -34.5300 14 1076 56.8600 -127.0300 0 680 -102.5000 3.0300 1 733 -104.2700 -4.2700 2 691 -107.7100 -10.0100 3 936 -100.0600 -16.0900 4 1015 -88.7800 -24.4000 8 863 -48.4200 -51.0700 9 865 -43.3300 -76.6500 10 846 -30.0500 -91.9100 13 774 40.1200 -103.5600 11 531 -7.3600 -122.3400 15 361 77.1000 -159.8200 23 904 141.0900 219.8700
-2.8264877528e-01 -2.2096316008e-01 -2.0447602873e+00
94 48 2
10 5 1023 -128.4300 -32.8500 14 637 2.2200 -126.1600 0 682 -153.9900 5.8100 1 736 -155.5700 -1.5600 3 939 -151.6600 -13.5400 4 1018 -140.3600 -22.0300 7 961 -103.9600 -42.7700 10 848 -82.8700 -91.4300 13 777 -16.5600 -101.9400 23 880 96.7700 211.3600
-2.8191273523e-01 -2.2162286255e-01 -2.0427234623e+00
94 48 2
9 5 1024 -128.4300 -32.8500 14 638 2.2200 -126.1600 0 683 -153.9900 5.8100 1 737 -155.5700 -1.5600 3 940 -151.6600 -13.5400 4 1019 -140.3600 -22.0300 7 962 -103.9600 -42.7700 10 849 -82.8700 -91.4300 13 778 -16.5600 -101.9400
-4.1351415576e-01 -2.2294394951e-01 -2.1013447498e+00
157 109 38
9 5 1671 -196.8200 -28.5600 14 1085 -75.4500 -114.6600 0 690 -220.5800 10.1800 1 1230 -222.3300 2.6200 2 698 -224.8600 -3.6100 3 1513 -218.7800 -8.8800 4 1024 -207.0700 -17.6300 6 1434 -185.0700 -37.1700 7 963 -172.2600 -41.2600
-3.6298824957e-01 -1.5873021195e-01 -2.0658463795e+00
155 104 29
9 5 1052 -174.7400 4.6000 14 673 -49.2800 -87.8700 0 712 -199.3800 43.9200 1 760 -200.8100 36.2900 4 1057 -186.1900 16.3100 7 991 -151.5100 -6.5800 8 897 -148.4300 -13.3800 9 904 -143.8800 -38.8200 10 869 -131.8500 -53.4100
-4.0056923073e-01 -1.5779556230e-01 -2.0878942120e+00
94 58 1
14 5 1055 -193.0300 6.2800 14 683 -71.9500 -82.7400 0 715 -217.2600 45.6900 1 1266 -218.6700 38.1500 2 716 -222.0100 31.8900 3 971 -215.1100 26.2500 4 1060 -204.4700 18.1500 6 893 -182.3400 -1.4100 7 994 -170.0800 -5.4000 8 898 -167.1000 -11.8500 9 1467 -162.1800 -37.4700 10 871 -151.1700 -51.5200 13 1223 -90.5900 -59.2400 11 553 -134.5000 -78.8200
-3.7774614942e-01 -1.5532841134e-01 -2.0724320087e+00
154 104 31
11 5 1054 -182.5500 6.7300 14 680 -57.8700 -85.0100 0 716 -206.8200 46.0700 1 762 -208.7900 38.6600 2 717 -211.7800 32.5100 3 972 -204.8300 26.6400 8 899 -156.1300 -11.4500 9 907 -151.4800 -36.7600 10 872 -140.2900 -50.9900 13 460 -77.7500 -59.6100 11 551 -122.1000 -79.5900
-1.0327296796e-01 -5.8681253158e-02 -2.0225180248e+00
157 110 47
14 5 1097 -24.6300 64.3800 14 1170 111.6400 -31.7300 0 752 -49.4900 100.6600 1 1324 -51.4500 92.2600 2 1276 -54.8100 86.8600 3 1014 -47.3600 81.7900 4 1742 -35.8800 73.6600 6 945 -14.3300 59.7400 7 1039 -2.0500 57.2000 8 953 1.9500 49.6200 9 962 7.1100 23.9900 10 934 21.5000 8.8900 13 876 96.7600 -2.7400 15 782 129.8000 -73.8800
-1.0304041634e-01 -5.9142770390e-02 -2.0203535731e+00
157 110 47
15 5 1096 -24.6300 64.3800 14 1169 111.6400 -31.7300 0 753 -49.4900 100.6600 1 1325 -51.4500 92.2600 2 1277 -54.8100 86.8600 3 1013 -47.3600 81.7900 4 1741 -35.8800 73.6600 6 944 -14.3300 59.7400 7 1038 -2.0500 57.2000 8 952 1.9500 49.6200 9 961 7.1100 23.9900 10 933 21.5000 8.8900 13 877 96.7600 -2.7400 15 781 129.8000 -73.8800 19 1005 153.1200 123.5700
-3.9018823186e-01 -5.0329250293e-03 -2.0620248308e+00
175 101 63
13 5 1115 -196.3000 94.9200 14 418 -73.3900 -1.7800 0 777 -219.6200 134.6500 1 808 -221.0400 126.5900 2 769 -224.3800 120.3000 3 1025 -217.4500 114.8700 4 1135 -206.2100 106.5000 6 960 -186.9300 87.1100 8 969 -171.7300 76.7300 9 975 -167.1200 50.7000 10 590 -155.3000 36.7600 13 560 -94.7200 28.8500 11 398 -137.9000 10.4100
-3.9208535296e-01 -5.8817059925e-03 -2.0690718753e+00
175 101 63
17 5 1116 -196.3000 94.9200 14 419 -73.3900 -1.7800 0 778 -219.6200 134.6500 1 809 -221.0400 126.5900 2 770 -224.3800 120.3000 3 1026 -217.4500 114.8700 4 1136 -206.2100 106.5000 6 961 -186.9300 87.1100 8 970 -171.7300 76.7300 9 976 -167.1200 50.7000 10 591 -155.3000 36.7600 13 561 -94.7200 28.8500 11 399 -137.9000 10.4100 15 819 -48.2700 -46.1100 19 324 -2.9800 142.6200 22 245 32.1600 274.5800 23 501 31.0100 301.5100
8.7486224781e-01 -6.9802480457e-01 -1.7480020621e+00
68 65 47
10 5 1199 678.7400 -388.7000 14 805 820.2800 -462.7800 0 853 634.3101 -357.8700 1 884 631.6600 -365.0900 4 1207 656.8600 -387.2800 6 1060 699.3900 -383.3100 7 1157 718.9500 -380.9600 8 1040 722.9399 -393.1800 9 1074 729.7600 -421.2400 12 374 841.8199 -483.1700
2.8699150708e-01 -6.8933277048e-01 -1.8044385572e+00
28 22 6
10 5 733 252.2800 -373.2800 14 457 403.9600 -453.7800 0 867 214.5601 -336.5400 1 900 212.4900 -343.8900 2 857 209.3000 -349.8800 3 685 219.7700 -358.2300 4 1224 233.1899 -366.9400 6 661 270.3101 -374.6100 7 1159 287.3300 -374.8400 13 938 401.3900 -450.4100
3.4752532429e-01 -5.7713027629e-01 -1.7419098766e+00
78 75 59
11 5 1248 327.4200 -331.7500 14 818 497.0699 -444.9000 0 892 287.9399 -296.1100 1 928 285.4200 -303.0500 2 881 282.0500 -308.6300 3 1138 293.3199 -316.5700 4 1253 307.6200 -325.8900 6 1098 345.8199 -331.8900 7 1199 364.0000 -332.1900 9 660 375.2400 -374.6000 13 583 498.4301 -434.9500
3.1157557359e-01 -5.8358188012e-01 -1.7545278935e+00
95 94 77
6 5 1254 295.0601 -330.5300 14 823 461.5601 -438.9400 0 894 256.5100 -294.6800 1 1609 253.9800 -301.7000 6 1100 313.1500 -331.2400 7 2030 331.0900 -331.5600
3.1363085251e-01 -5.8507328894e-01 -1.7552688775e+00
95 94 77
7 5 1255 295.0601 -330.5300 14 824 461.5601 -438.9400 0 895 256.5100 -294.6800 2 884 250.5200 -307.2900 3 698 261.7000 -315.2500 4 1257 275.7500 -324.4000 6 1101 313.1500 -331.2400
3.3678049160e-01 -5.7854245644e-01 -1.7517308755e+00
64 62 47
11 5 1259 315.0800 -327.8700 14 1283 483.5200 -439.3000 0 898 276.0100 -292.1700 1 932 273.7000 -299.2900 2 1575 270.3400 -304.7900 3 1142 281.0601 -312.5700 4 1259 295.7400 -322.1400 6 1905 333.4900 -328.1600 7 1203 351.6400 -328.5200 8 678 355.0500 -340.5900 9 1120 362.5100 -370.6300
9.0021669121e-01 -5.9596202122e-01 -1.7649405461e+00
117 112 80
7 5 2084 690.9399 -311.0300 14 840 840.1200 -401.7600 0 910 647.7000 -281.6400 1 945 644.7000 -288.9700 2 898 640.5200 -294.2400 6 1123 710.2000 -306.0000 7 1219 729.6500 -302.7600
1.5081232773e-01 -5.2326430898e-01 -1.8466825117e+00
52 92 29
14 5 1349 153.8300 -253.4800 14 860 310.6400 -353.3400 0 944 120.1801 -216.9200 1 983 117.9600 -223.9200 2 935 114.6300 -229.6500 3 1204 124.2900 -236.9900 4 1334 137.2100 -245.9700 6 1153 170.0000 -255.7000 7 1250 186.2600 -256.9800 8 1089 190.2500 -268.2100 9 1172 196.6400 -295.8700 10 1069 215.2000 -316.7100 11 683 250.1200 -358.5000 15 543 320.1899 -370.0500
3.6420621829e-01 -4.7869288669e-01 -1.8672746765e+00
132 146 102
11 5 2228 287.7200 -212.0400 14 1423 440.3101 -305.2000 0 974 253.3000 -178.0700 2 1805 247.4600 -190.8900 3 2093 258.0100 -197.9300 4 2198 271.1200 -206.3300 6 1184 303.4100 -212.0900 8 1107 323.7400 -222.6200 9 1208 329.9800 -250.0900 10 1089 349.9301 -270.4200 11 1100 389.0400 -310.8200
-3.3930888313e-01 -5.1879695414e-01 -2.0557339643e+00
92 38 1
9 5 799 -152.8900 -194.8600 14 511 -23.9000 -268.6600 0 997 -180.5300 -155.1300 1 1032 -182.2100 -162.4000 3 753 -177.7700 -174.9100 4 807 -166.4900 -183.4700 9 1231 -117.7300 -237.0800 10 1113 -105.9100 -252.5600 11 448 -85.7300 -284.5800
-1.5398655253e-01 -3.7520278240e-01 -2.0390351758e+00
116 39 0
13 5 1551 -51.8200 -117.8800 14 586 81.5601 -198.9600 0 1112 -79.2900 -80.7500 1 2089 -81.2400 -88.5900 2 2055 -84.4200 -94.3300 3 1375 -76.5700 -100.1500 4 1512 -65.1100 -107.9600 6 1319 -39.1600 -123.9100 7 2557 -25.3300 -126.7600 8 1224 -22.5100 -133.5300 9 1346 -16.9100 -157.8700 10 774 -3.5000 -173.3800 12 334 44.9900 -193.1800
1.3323289393e-02 -2.2113215530e-01 -2.0565550892e+00
174 78 53
11 5 1674 41.9000 -28.1000 14 1094 173.9900 -108.0300 0 1211 15.6900 7.2000 1 2268 13.6500 -0.0900 2 1186 10.2100 -6.2000 3 1507 18.2500 -11.8400 4 1641 29.7700 -19.9100 6 2655 53.3900 -32.0200 7 1557 66.4500 -33.7100 8 1323 70.1300 -41.2300 9 1441 75.4000 -66.5000
-4.0150458311e-01 -1.9914047439e-01 -2.0912849409e+00
102 60 1
12 5 1038 -191.8700 -16.4100 14 657 -70.2800 -103.7400 0 1235 -216.2500 22.9100 1 1246 -218.1200 15.2800 2 1202 -221.3200 9.1900 4 1040 -203.5200 -4.7900 6 1446 -181.2600 -24.3500 7 1575 -168.5200 -28.1400 8 1335 -165.3900 -34.7600 9 1451 -160.6200 -60.1400 10 859 -148.8800 -74.5900 13 806 -89.1400 -81.2800
-2.0026041786e-01 -1.8560533890e-01 -2.0362564906e+00
162 113 52
11 5 1707 -81.2300 -11.8800 14 1099 52.0300 -105.0000 0 1239 -107.0200 26.0900 1 2321 -108.8300 18.6400 2 1208 -112.1600 12.5900 3 1537 -104.3000 6.2300 6 1460 -70.1600 -17.2100 7 1585 -57.1200 -20.9300 8 1342 -53.5900 -27.5300 9 1454 -48.5600 -53.0600 15 680 73.0200 -140.4900
-3.8995645568e-01 -8.0743379361e-02 -2.0728533602e+00
87 44 0
13 5 1795 -191.9700 49.7500 14 1160 -69.3500 -43.6300 0 1302 -215.4700 89.2700 1 1310 -217.0500 81.5600 2 1266 -220.4800 75.4000 3 1007 -213.3800 69.6900 4 1112 -202.6700 61.7000 6 1507 -181.9500 42.4100 7 1030 -169.7800 38.1900 8 1407 -166.4800 31.8200 9 1512 -161.8400 6.0700 10 1341 -150.3300 -8.0700 13 864 -89.3600 -16.3900
2.7750048524e-01 -6.9022904644e-01 -1.8099384516e+00
46 35 13
13 5 734 244.0900 -370.9100 14 813 396.2700 -451.4700 0 1539 207.2800 -335.5200 1 902 205.1899 -342.7700 2 859 201.8700 -348.4900 3 1107 211.9100 -356.2200 4 743 225.1400 -364.3400 6 1809 262.4600 -373.4100 7 1162 279.7300 -373.9000 8 1043 283.0400 -386.0800 9 1084 289.4301 -411.5800 13 940 393.8400 -449.0500 12 382 375.8500 -464.9500
3.4419269694e-01 -5.8025998903e-01 -1.7493720289e+00
106 102 82
13 5 1252 321.7100 -330.2900 14 1279 490.1600 -442.5700 0 1613 282.3400 -294.5900 1 930 280.0500 -301.7900 2 1570 276.3800 -307.1500 3 1140 287.6600 -315.1300 4 2011 302.1400 -324.4700 6 1102 339.8900 -330.4800 7 1201 358.2200 -330.8700 8 676 362.0800 -343.2600 9 1117 369.4100 -373.2200 13 584 491.4600 -432.8800 11 428 435.1200 -446.5000
1.1628012273e-01 -5.2295270526e-01 -1.8642928665e+00
57 98 37
