# Bundle file v0.3
200 10452
5.3200000000e+02 0.0000000000e+00 0.0000000000e+00
9.5263818113e-01 6.6491534955e-02 2.9674799349e-01
-1.0526891983e-01 9.8757767942e-01 1.1665668271e-01
-2.8530501289e-01 -1.4236995077e-01 9.4780369631e-01
6.1341654344e-01 4.3417852742e-01 8.6976023640e-01
5.3200000000e+02 0.0000000000e+00 0.0000000000e+00
9.5266155535e-01 6.5853806680e-02 2.9681515645e-01
-1.0691989045e-01 9.8646650420e-01 1.2430596573e-01
-2.8461218874e-01 -1.5015695867e-01 9.4680979599e-01
6.1028782154e-01 4.3735753154e-01 8.6336377195e-01
5.3200000000e+02 0.0000000000e+00 0.0000000000e+00
9.5284563028e-01 6.4362303345e-02 2.9655134254e-01
-1.0746102824e-01 9.8548840132e-01 1.3139535103e-01
-2.8379100103e-01 -1.5706719827e-01 9.4593475619e-01
6.0431389267e-01 4.4173529716e-01 8.5795532922e-01
5.3200000000e+02 0.0000000000e+00 0.0000000000e+00
9.5321395657e-01 6.2650789993e-02 2.9573304096e-01
-1.0520369329e-01 9.8588576990e-01 1.3023606114e-01
-2.8339960466e-01 -1.5525503927e-01 9.4635116995e-01
6.1400861226e-01 4.3151007370e-01 8.6283280073e-01
5.3200000000e+02 0.0000000000e+00 0.0000000000e+00
9.5361541381e-01 6.0945065129e-02 2.9479372719e-01
-1.0373417993e-01 9.8583970761e-01 1.3175466147e-01
-2.8258956539e-01 -1.5622346155e-01 9.4643402707e-01
6.2816434218e-01 4.2299354856e-01 8.6371711491e-01
5.3200000000e+02 0.0000000000e+00 0.0000000000e+00
9.5540658652e-01 4.6259685008e-02 2.9164755439e-01
-8.9856791772e-02 9.8636030233e-01 1.3790979286e-01
-2.8128990634e-01 -1.5796643801e-01 9.4653187641e-01
6.3653787149e-01 4.2301079555e-01 8.6426783321e-01
5.3200000000e+02 0.0000000000e+00 0.0000000000e+00
9.5696964764e-01 3.0708484530e-02 2.8855862918e-01
-7.4961581035e-02 9.8679471718e-01 1.4358602826e-01
-2.8033882154e-01 -1.5903828193e-01 9.4663454935e-01
6.4395404130e-01 4.2858352804e-01 8.6483322069e-01
5.3200000000e+02 0.0000000000e+00 0.0000000000e+00
9.5811460574e-01 2.1395265753e-02 2.8558474200e-01
-6.5887156441e-02 9.8692348117e-01 1.4710854812e-01
-2.7870286126e-01 -1.5976321515e-01 9.4699547528e-01
6.5483865905e-01 4.3283529432e-01 8.6569996748e-01
5.3200000000e+02 0.0000000000e+00 0.0000000000e+00
9.5759802130e-01 2.6294650260e-02 2.8690524738e-01
-7.0542944338e-02 9.8691373574e-01 1.4499990075e-01
-2.7933800782e-01 -1.5909075895e-01 9.4692154258e-01
6.6329764076e-01 4.1789898825e-01 8.6858118936e-01
5.3200000000e+02 0.0000000000e+00 0.0000000000e+00
9.5751205570e-01 2.3845217519e-02 2.8740575638e-01
-6.7503365386e-02 9.8742255035e-01 1.4296853751e-01
-2.8038180907e-01 -1.5629495404e-01 9.4707862846e-01
6.7095070310e-01 3.7869997159e-01 8.7045961892e-01
5.3200000000e+02 0.0000000000e+00 0.0000000000e+00
9.5699252984e-01 2.4293081986e-02 2.8909365956e-01
-6.6042436079e-02 9.8856687499e-01 1.3555047142e-01
-2.8249547689e-01 -1.4881323810e-01 9.4765548893e-01
6.9345850769e-01 3.4575298923e-01 8.8256653925e-01
5.3200000000e+02 0.0000000000e+00 0.0000000000e+00
9.5806808584e-01 2.2135173197e-02 2.8568440105e-01
-5.6746290647e-02 9.9192203037e-01 1.1344842070e-01
-2.8086545069e-01 -1.2490284132e-01 9.5158492991e-01
7.1879249678e-01 2.7151061708e-01 9.1948760246e-01
5.3200000000e+02 0.0000000000e+00 0.0000000000e+00
9.6245816446e-01 2.0008304522e-02 2.7069161312e-01
-4.1468637443e-02 9.9641098081e-01 7.3793695016e-02
-2.6824360901e-01 -8.2248556617e-02 9.5983360077e-01
7.2699467439e-01 2.1798550428e-01 9.5592778856e-01
5.3200000000e+02 0.0000000000e+00 0.0000000000e+00
9.6415693041e-01 1.7654502164e-02 2.6474465451e-01
-2.4827986581e-02 9.9940901230e-01 2.3773876649e-02
-2.6416847772e-01 -2.9494824664e-02 9.6402545127e-01
7.4342691487e-01 1.4449665219e-01 9.8222407372e-01
5.3200000000e+02 0.0000000000e+00 0.0000000000e+00
9.6059133773e-01 1.3429929090e-02 2.7763990868e-01
-1.6319698179e-02 9.9983401561e-01 8.0999190082e-03
-2.7748504345e-01 -1.2311711548e-02 9.6065106694e-01
7.9024975749e-01 8.1910682466e-02 9.5544804296e-01
5.3200000000e+02 0.0000000000e+00 0.0000000000e+00
9.5900724117e-01 -1.2331453046e-02 2.8311313401e-01
1.0473458382e-02 9.9991254346e-01 8.0754012296e-03
-2.8318795534e-01 -4.7791946280e-03 9.5905252267e-01
8.3013612654e-01 2.4929509913e-02 9.0470188884e-01
5.3200000000e+02 0.0000000000e+00 0.0000000000e+00
9.5770085906e-01 -2.1744512375e-02 2.8694292245e-01
2.4110781377e-02 9.9969817344e-01 -4.7151075253e-03
-2.8675378774e-01 1.1434080598e-02 9.5793607669e-01
8.6692435177e-01 6.9866009848e-02 8.6080053453e-01
5.3200000000e+02 0.0000000000e+00 0.0000000000e+00
9.5433511090e-01 -3.1219674069e-02 2.9710238649e-01
4.5045081433e-02 9.9819178797e-01 -3.9800691762e-02
-2.9532259776e-01 5.1366198780e-02 9.5401576343e-01
8.9722668941e-01 1.2100447647e-01 8.3274457656e-01
5.3200000000e+02 0.0000000000e+00 0.0000000000e+00
9.4775157581e-01 -1.8125116750e-02 3.1849400418e-01
2.5348150033e-02 9.9950659111e-01 -1.8548466859e-02
-3.1800066328e-01 2.5652572497e-02 9.4774338493e-01
9.4231550691e-01 2.4353763168e-01 7.9152034044e-01
5.3200000000e+02 0.0000000000e+00 0.0000000000e+00
9.4518924993e-01 -4.6810898499e-02 3.2315015333e-01
6.3608638371e-02 9.9710703229e-01 -4.1611383968e-02
-3.2026742410e-01 5.9885774044e-02 9.4543242547e-01
9.5176379755e-01 2.5108707532e-01 7.8155900374e-01
5.3200000000e+02 0.0000000000e+00 0.0000000000e+00
9.4346065359e-01 -1.0830648224e-01 3.1329171874e-01
1.3479540555e-01 9.8879817690e-01 -6.4096521020e-02
-3.0284021161e-01 1.0270282990e-01 9.4749139044e-01
9.3803562030e-01 2.7278894550e-01 7.8614045450e-01
5.3200000000e+02 0.0000000000e+00 0.0000000000e+00
9.5427769586e-01 -1.3322275028e-01 2.6759255966e-01
1.8103248363e-01 9.6992452928e-01 -1.6270724438e-01
-2.3786828088e-01 2.0371083995e-01 9.4969499032e-01
9.0182080874e-01 2.0167714517e-01 8.0618005518e-01
5.3200000000e+02 0.0000000000e+00 0.0000000000e+00
9.5545288570e-01 -1.6284068908e-01 2.4615583110e-01
2.2436096441e-01 9.4260860203e-01 -2.4728764835e-01
-1.9176011278e-01 2.9149945687e-01 9.3715320295e-01
8.5698119597e-01 1.4289214279e-01 8.1920820622e-01
5.3200000000e+02 0.0000000000e+00 0.0000000000e+00
9.4735160699e-01 -2.0392264705e-01 2.4686127026e-01
2.7045465475e-01 9.2232294191e-01 -2.7599759155e-01
-1.7140365359e-01 3.2823154150e-01 9.2891595029e-01
8.5665165729e-01 1.5456740384e-01 8.0252770698e-01
5.3200000000e+02 0.0000000000e+00 0.0000000000e+00
9.1468340308e-01 -2.5938216040e-01 3.0995994418e-01
3.2245710641e-01 9.3068949833e-01 -1.7273816086e-01
-2.4367126760e-01 2.5794951552e-01 9.3492585844e-01
8.4342440636e-01 2.7073880223e-01 8.0388234496e-01
5.3200000000e+02 0.0000000000e+00 0.0000000000e+00
8.7061545625e-01 -2.8752749917e-01 3.9919502071e-01
3.5408261056e-01 9.2955838889e-01 -1.0269715934e-01
-3.4154682291e-01 2.3075774929e-01 9.1109638837e-01
9.8955914812e-01 3.5315204672e-01 7.6793874865e-01
0 0 0
0 0 0
0 0 0
0 0 0
0 0 0
5.3200000000e+02 0.0000000000e+00 0.0000000000e+00
8.3525965442e-01 -3.3237936300e-01 4.3802427871e-01
3.9493999912e-01 9.1691617687e-01 -5.7333425602e-02
-3.8257509953e-01 2.2088160551e-01 8.9713299436e-01
1.0430366266e+00 5.0492889980e-01 7.4374356690e-01
5.3200000000e+02 0.0000000000e+00 0.0000000000e+00
8.1444133095e-01 -3.6204314095e-01 4.5344247986e-01
4.0837276362e-01 9.1280326259e-01 -4.6786460502e-03
-4.1220990330e-01 1.8898404136e-01 8.9127326210e-01
1.0931110288e+00 6.0127191487e-01 6.9754463606e-01
5.3200000000e+02 0.0000000000e+00 0.0000000000e+00
7.9961007879e-01 -3.8133338055e-01 4.6390578222e-01
4.1826227743e-01 9.0797051907e-01 2.5420538653e-02
-4.3090647382e-01 1.7370777007e-01 8.8551974650e-01
1.1319851411e+00 7.0060930956e-01 6.5767550848e-01
5.3200000000e+02 0.0000000000e+00 0.0000000000e+00
7.7595843923e-01 -4.0410047488e-01 4.8434626745e-01
4.3550203555e-01 8.9867986212e-01 5.2081498216e-02
-4.5631839501e-01 1.7052070732e-01 8.7332480255e-01
1.1765759805e+00 7.6947151547e-01 6.1384432285e-01
5.3200000000e+02 0.0000000000e+00 0.0000000000e+00
7.5958267201e-01 -4.1158743412e-01 5.0361686672e-01
4.3037400654e-01 8.9861228161e-01 8.5288814268e-02
-4.8766010589e-01 1.5195970326e-01 8.5970685103e-01
1.1984113770e+00 8.2498592055e-01 5.6951378842e-01
5.3200000000e+02 0.0000000000e+00 0.0000000000e+00
7.2540595721e-01 -4.2906337979e-01 5.3822933158e-01
4.3926479966e-01 8.9058391755e-01 1.1792676367e-01
-5.2993644244e-01 1.5088042262e-01 8.3450731874e-01
1.2031446348e+00 8.5313065423e-01 5.1582895735e-01
5.3200000000e+02 0.0000000000e+00 0.0000000000e+00
6.8234244399e-01 -4.5509631647e-01 5.7209800897e-01
4.6408358559e-01 8.7433416650e-01 1.4200771415e-01
-5.6483202344e-01 1.6860340457e-01 8.0779804237e-01
1.1968821748e+00 8.9676026778e-01 4.6389621628e-01
5.3200000000e+02 0.0000000000e+00 0.0000000000e+00
6.5598048301e-01 -4.6963933327e-01 5.9087096947e-01
4.8814949470e-01 8.6105641036e-01 1.4244974201e-01
-5.7567323782e-01 1.9498911461e-01 7.9409040319e-01
1.1940757985e+00 9.2341808945e-01 4.3953483674e-01
5.3200000000e+02 0.0000000000e+00 0.0000000000e+00
6.3300681126e-01 -4.8764276974e-01 6.0125444366e-01
5.1047610954e-01 8.4681892914e-01 1.4937149272e-01
-5.8199357255e-01 2.1237285694e-01 7.8497213399e-01
1.2035772479e+00 9.6758827354e-01 4.0269495896e-01
5.3200000000e+02 0.0000000000e+00 0.0000000000e+00
6.2419699161e-01 -4.9292741800e-01 6.0613585626e-01
5.1503805055e-01 8.4300507641e-01 1.5517167146e-01
-5.8746397519e-01 2.1532533927e-01 7.8007760904e-01
1.2840966547e+00 1.0116455585e+00 3.6199626212e-01
5.3200000000e+02 0.0000000000e+00 0.0000000000e+00
6.1094026277e-01 -5.1808422484e-01 5.9861567913e-01
4.9829781994e-01 8.3921429797e-01 2.1775822540e-01
-6.1518393832e-01 1.6525162045e-01 7.7087004350e-01
1.3377514819e+00 1.0850538958e+00 3.1577897833e-01
5.3200000000e+02 0.0000000000e+00 0.0000000000e+00
5.8410952166e-01 -5.2379215090e-01 6.2004665095e-01
4.3896453494e-01 8.4641108533e-01 3.0149363457e-01
-6.8273435812e-01 9.6073187109e-02 7.2432295211e-01
1.4276068729e+00 1.1539709026e+00 1.8488216557e-01
5.3200000000e+02 0.0000000000e+00 0.0000000000e+00
5.6515280662e-01 -5.4443037353e-01 6.1983697336e-01
4.0833430077e-01 8.3744256995e-01 3.6325341134e-01
-7.1684405835e-01 4.7807012174e-02 6.9559261468e-01
1.4717154771e+00 1.2136029176e+00 8.5505197932e-02
5.3200000000e+02 0.0000000000e+00 0.0000000000e+00
5.4323774309e-01 -5.5881854281e-01 6.2658965096e-01
4.0242758927e-01 8.2830575964e-01 3.8982252878e-01
-7.3684787431e-01 4.0390651954e-02 6.7485095048e-01
1.5285145446e+00 1.2720874888e+00 1.6291457590e-02
5.3200000000e+02 0.0000000000e+00 0.0000000000e+00
5.3210555653e-01 -5.6648536762e-01 6.2925194079e-01
4.0213390829e-01 8.2311543109e-01 4.0096048047e-01
-7.4508522769e-01 3.9690242640e-02 6.6578726942e-01
1.6064906516e+00 1.3203362472e+00 -1.6851912248e-02
5.3200000000e+02 0.0000000000e+00 0.0000000000e+00
5.1513084957e-01 -5.7951946844e-01 6.3150407245e-01
4.1397175036e-01 8.1336878195e-01 4.0872804461e-01
-7.5051155736e-01 5.0876421369e-02 6.5889604038e-01
1.6680928173e+00 1.3900405525e+00 -3.3337995977e-02
5.3200000000e+02 0.0000000000e+00 0.0000000000e+00
4.9883702218e-01 -5.8276521085e-01 6.4151877161e-01
4.3312702208e-01 8.0875464150e-01 3.9789057867e-01
-7.5070807112e-01 7.9376563738e-02 6.5584811739e-01
1.7264556434e+00 1.4416923924e+00 -4.5637148509e-02
5.3200000000e+02 0.0000000000e+00 0.0000000000e+00
4.6421281127e-01 -5.9099776182e-01 6.5971820604e-01
4.5692735954e-01 7.9786254020e-01 3.9323371556e-01
-7.5876468946e-01 1.1889916934e-01 6.4042105959e-01
1.7568081648e+00 1.4782645368e+00 -8.4029481938e-02
5.3200000000e+02 0.0000000000e+00 0.0000000000e+00
4.1793241712e-01 -6.0270212011e-01 6.7976661373e-01
4.9266315942e-01 7.7902796824e-01 3.8781237223e-01
-7.6329254292e-01 1.7281660547e-01 6.2251017245e-01
1.7474064450e+00 1.5275490399e+00 -1.3131953625e-01
5.3200000000e+02 0.0000000000e+00 0.0000000000e+00
3.6939795350e-01 -6.1747397450e-01 6.9445737289e-01
5.1107237125e-01 7.5913714850e-01 4.0313251061e-01
-7.7611222339e-01 2.0600165189e-01 5.9599759742e-01
1.7288619126e+00 1.5672939759e+00 -1.9959719211e-01
5.3200000000e+02 0.0000000000e+00 0.0000000000e+00
3.5464011189e-01 -6.1342625384e-01 7.0564766147e-01
5.0961015189e-01 7.5956354050e-01 4.0417907051e-01
-7.8391828919e-01 2.1626710115e-01 5.8197994538e-01
1.8031353916e+00 1.5464192339e+00 -2.3448944298e-01
5.3200000000e+02 0.0000000000e+00 0.0000000000e+00
3.1714292914e-01 -6.2909942850e-01 7.0968603731e-01
5.2467530825e-01 7.3975256438e-01 4.2128608380e-01
-7.9002290056e-01 2.3874683777e-01 5.6468023167e-01
1.7801137405e+00 1.5712483977e+00 -2.6666801602e-01
5.3200000000e+02 0.0000000000e+00 0.0000000000e+00
2.8726421844e-01 -6.4306786710e-01 7.0988941893e-01
5.3669173379e-01 7.2192433332e-01 4.3679198692e-01
-7.9337333689e-01 2.5551707430e-01 5.5251223792e-01
1.7721150139e+00 1.6092464813e+00 -2.8461575386e-01
5.3200000000e+02 0.0000000000e+00 0.0000000000e+00
2.9297385606e-01 -6.4441163958e-01 7.0632850604e-01
5.2687394065e-01 7.2527089173e-01 4.4315458282e-01
-7.9785347673e-01 2.4231337641e-01 5.5200910978e-01
1.8971729919e+00 1.5707867464e+00 -3.1036969168e-01
0 0 0
0 0 0
0 0 0
0 0 0
0 0 0
0 0 0
0 0 0
0 0 0
0 0 0
0 0 0
5.3200000000e+02 0.0000000000e+00 0.0000000000e+00
8.0770148900e-01 -3.8274568873e-01 4.4846855232e-01
9.4433276342e-02 8.3480417136e-01 5.4238763979e-01
-5.8197994895e-01 -3.9573694954e-01 7.1041650163e-01
1.9316303539e+00 1.3691841908e+00 3.6030747017e-02
5.3200000000e+02 0.0000000000e+00 0.0000000000e+00
8.9538836176e-01 -3.2791698830e-01 3.0124762306e-01
1.4418550680e-01 8.5358786732e-01 5.0059793486e-01
-4.2129588325e-01 -4.0479402360e-01 8.1157351929e-01
2.0135003001e+00 1.4203239610e+00 3.0556205501e-01
5.3200000000e+02 0.0000000000e+00 0.0000000000e+00
8.9872084900e-01 -2.9977790110e-01 3.2005319181e-01
1.1625655714e-01 8.6660860168e-01 4.8525657587e-01
-4.2283004683e-01 -3.9890191966e-01 8.1369036494e-01
2.0625800189e+00 1.3498716724e+00 3.0832225710e-01
5.3200000000e+02 0.0000000000e+00 0.0000000000e+00
9.0765467891e-01 -2.7864478128e-01 3.1387906863e-01
1.0809506604e-01 8.7779669688e-01 4.6667806424e-01
-4.0555941680e-01 -3.8965374990e-01 8.2685640509e-01
2.0749884875e+00 1.3091725385e+00 3.6591213743e-01
5.3200000000e+02 0.0000000000e+00 0.0000000000e+00
9.0647926226e-01 -2.9016014583e-01 3.0676120495e-01
1.3668313978e-01 8.8901360475e-01 4.3700403873e-01
-3.9951604022e-01 -3.5420601398e-01 8.4553239634e-01
2.0549926739e+00 1.3197681063e+00 4.2048357859e-01
5.3200000000e+02 0.0000000000e+00 0.0000000000e+00
9.0109133726e-01 -3.1638073915e-01 2.9654279592e-01
1.7056958896e-01 8.8734312983e-01 4.2840189691e-01
-3.9867332146e-01 -3.3544805536e-01 8.5354214009e-01
2.0159899053e+00 1.3691548494e+00 4.4225978350e-01
5.3200000000e+02 0.0000000000e+00 0.0000000000e+00
9.0161704116e-01 -3.1777426914e-01 2.9343862215e-01
1.8011832360e-01 8.9263431948e-01 4.1323281717e-01
-3.9324814126e-01 -3.1972407723e-01 8.6205128260e-01
2.0091547263e+00 1.3659259971e+00 4.7228837073e-01
5.3200000000e+02 0.0000000000e+00 0.0000000000e+00
8.9922171185e-01 -3.0708710479e-01 3.1160523583e-01
1.6304346754e-01 8.9616996770e-01 4.1266962171e-01
-4.0597677350e-01 -3.2027628551e-01 8.5592403887e-01
2.0269948061e+00 1.3334299662e+00 4.4764907440e-01
5.3200000000e+02 0.0000000000e+00 0.0000000000e+00
8.8045217594e-01 -3.2683047958e-01 3.4349061632e-01
1.6749854941e-01 8.9215020110e-01 4.1953814441e-01
-4.4356307537e-01 -3.1184909217e-01 8.4023921706e-01
2.0880556604e+00 1.2982069940e+00 4.2030098435e-01
5.3200000000e+02 0.0000000000e+00 0.0000000000e+00
8.6514261925e-01 -3.3469676869e-01 3.7350545026e-01
1.5112913767e-01 8.8410109405e-01 4.4218235973e-01
-4.7821358418e-01 -3.2610324827e-01 8.1545597022e-01
2.1556230199e+00 1.2893851102e+00 3.6631642703e-01
5.3200000000e+02 0.0000000000e+00 0.0000000000e+00
8.2755488574e-01 -3.9504862326e-01 3.9886024664e-01
1.7321968507e-01 8.5551509730e-01 4.8794349980e-01
-5.3399237054e-01 -3.3470958092e-01 7.7641589670e-01
2.1477305050e+00 1.3558891439e+00 2.9641184503e-01
5.3200000000e+02 0.0000000000e+00 0.0000000000e+00
7.7287009747e-01 -4.7451071383e-01 4.2132101170e-01
2.1647512671e-01 8.2128008999e-01 5.2786128225e-01
-5.9649839225e-01 -3.1676268127e-01 7.3746259010e-01
2.0703813186e+00 1.3952495916e+00 2.4243849144e-01
5.3200000000e+02 0.0000000000e+00 0.0000000000e+00
6.9245125672e-01 -5.5316567206e-01 4.6316195475e-01
2.2819792918e-01 7.7694459313e-01 5.8675617110e-01
-6.8442454821e-01 -3.0060744911e-01 6.6422752077e-01
1.9766493237e+00 1.4333302753e+00 9.6259246500e-02
5.3200000000e+02 0.0000000000e+00 0.0000000000e+00
6.3674793175e-01 -5.9233533577e-01 4.9365060662e-01
2.2249715263e-01 7.5412706592e-01 6.1788946060e-01
-7.3827304467e-01 -2.8360398172e-01 6.1198177511e-01
1.9426636474e+00 1.4469039138e+00 -2.1063582694e-02
5.3200000000e+02 0.0000000000e+00 0.0000000000e+00
5.7072414128e-01 -6.2453454154e-01 5.3313277988e-01
2.2314374577e-01 7.4278421498e-01 6.3125151778e-01
-7.9024099064e-01 -2.4130523492e-01 5.6328586022e-01
1.9315282135e+00 1.4556179733e+00 -1.1728128572e-01
5.3200000000e+02 0.0000000000e+00 0.0000000000e+00
5.4024582126e-01 -6.4327045379e-01 5.4252887102e-01
2.2426570381e-01 7.3145466809e-01 6.4395571480e-01
-8.1107296016e-01 -2.2622376490e-01 5.3942882894e-01
1.9257295954e+00 1.4844189017e+00 -1.7277789594e-01
5.3200000000e+02 0.0000000000e+00 0.0000000000e+00
5.3744509437e-01 -6.4491955891e-01 5.4335212622e-01
2.6126487310e-01 7.3995339621e-01 6.1984646286e-01
-8.0180635856e-01 -1.9117461642e-01 5.6617914957e-01
1.9746833649e+00 1.5035084859e+00 -1.2550539129e-01
5.3200000000e+02 0.0000000000e+00 0.0000000000e+00
5.3683994822e-01 -6.5771520476e-01 5.2840664210e-01
2.6131764667e-01 7.2513469200e-01 6.3709714016e-01
-8.0219446366e-01 -2.0393721553e-01 5.6115386000e-01
2.0123888679e+00 1.5155196248e+00 -1.2828791166e-01
5.3200000000e+02 0.0000000000e+00 0.0000000000e+00
5.4003756500e-01 -6.5584729489e-01 5.2746919738e-01
2.9849758989e-01 7.3522532626e-01 6.0855805676e-01
-7.8692986804e-01 -1.7119592697e-01 5.9281813178e-01
2.0465069387e+00 1.5265786777e+00 -2.7187670623e-02
5.3200000000e+02 0.0000000000e+00 0.0000000000e+00
5.2396599499e-01 -6.7490806718e-01 5.1957553536e-01
3.6230272312e-01 7.2868424540e-01 5.8116779619e-01
-7.7084134095e-01 -1.1626853126e-01 6.2632679626e-01
2.0465555655e+00 1.5806219080e+00 7.3139942768e-02
5.3200000000e+02 0.0000000000e+00 0.0000000000e+00
4.4023804559e-01 -6.8493735612e-01 5.8056117800e-01
3.9087811981e-01 7.2830343824e-01 5.6283958399e-01
-8.0833455862e-01 -2.0854736748e-02 5.8835390819e-01
2.0315096902e+00 1.5308088729e+00 -1.2846452498e-02
0 0 0
0 0 0
0 0 0
0 0 0
0 0 0
5.3200000000e+02 0.0000000000e+00 0.0000000000e+00
1.9939452977e-01 -7.0664801564e-01 6.7888909513e-01
3.8334982487e-01 6.9383820823e-01 6.0961582375e-01
-9.0182300551e-01 1.3869795521e-01 4.0924093631e-01
1.8436222462e+00 1.4975600888e+00 -4.3545402523e-01
5.3200000000e+02 0.0000000000e+00 0.0000000000e+00
1.4474811665e-01 -7.2427050480e-01 6.7415148046e-01
3.7253599180e-01 6.7108349248e-01 6.4098664646e-01
-9.1665965197e-01 1.5836408053e-01 3.6695490248e-01
1.7715494892e+00 1.5133903646e+00 -5.3759251698e-01
5.3200000000e+02 0.0000000000e+00 0.0000000000e+00
9.7825058343e-02 -7.5218118059e-01 6.5165460907e-01
3.8473329594e-01 6.3246974939e-01 6.7228141958e-01
-9.1782925915e-01 1.8494725647e-01 3.5126053489e-01
1.7012466737e+00 1.5619362768e+00 -5.8904184842e-01
5.3200000000e+02 0.0000000000e+00 0.0000000000e+00
4.0419465208e-02 -7.6918875098e-01 6.3774205773e-01
4.0632233344e-01 5.9575946641e-01 6.9280070693e-01
-9.1283537847e-01 2.3112620696e-01 3.3661884718e-01
1.6403450828e+00 1.6153108098e+00 -6.3122059229e-01
5.3200000000e+02 0.0000000000e+00 0.0000000000e+00
1.1838049994e-02 -7.7855607811e-01 6.2746338046e-01
4.4349045843e-01 5.6650011038e-01 6.9454577835e-01
-8.9620091154e-01 2.7005195460e-01 3.5198844862e-01
1.6310978662e+00 1.6725542948e+00 -5.8893457547e-01
5.3200000000e+02 0.0000000000e+00 0.0000000000e+00
-1.5901178227e-02 -7.8320947992e-01 6.2155455360e-01
4.8496956077e-01 5.3757502058e-01 6.8979534818e-01
-8.7438645784e-01 3.1240359763e-01 3.7128468126e-01
1.6206074521e+00 1.7323003045e+00 -5.4360648243e-01
5.3200000000e+02 0.0000000000e+00 0.0000000000e+00
-5.4202003728e-02 -7.8800396303e-01 6.1327962386e-01
5.1362137804e-01 5.0469857062e-01 6.9388214621e-01
-8.5630323064e-01 3.5260332821e-01 3.7738000759e-01
1.5973427979e+00 1.7771518349e+00 -5.2944241576e-01
5.3200000000e+02 0.0000000000e+00 0.0000000000e+00
-1.2919388118e-01 -7.8642876442e-01 6.0401882385e-01
5.0415355827e-01 4.7243165333e-01 7.2293673486e-01
-8.5389585474e-01 3.9791724193e-01 3.3544558102e-01
1.5109597926e+00 1.8134206580e+00 -6.2958152058e-01
5.3200000000e+02 0.0000000000e+00 0.0000000000e+00
-2.1168263798e-01 -7.7862452615e-01 5.9070661758e-01
4.8282866990e-01 4.4218372685e-01 7.5587699213e-01
-8.4974521846e-01 4.4521612615e-01 2.8233962654e-01
1.4072693448e+00 1.8416652699e+00 -7.6857695160e-01
5.3200000000e+02 0.0000000000e+00 0.0000000000e+00
-2.7967030145e-01 -7.6575042510e-01 5.7914662129e-01
4.6267568255e-01 4.2105983153e-01 7.8015372271e-01
-8.4125842359e-01 4.8614288511e-01 2.3653617058e-01
1.3292247453e+00 1.8534731825e+00 -8.9159476628e-01
5.3200000000e+02 0.0000000000e+00 0.0000000000e+00
-3.8444613836e-01 -7.1922503068e-01 5.7871972659e-01
4.3015074786e-01 4.1511731282e-01 8.0165326090e-01
-8.1680566894e-01 5.5712922365e-01 1.4978493695e-01
1.1660848844e+00 1.8444860167e+00 -1.1142369647e+00
5.3200000000e+02 0.0000000000e+00 0.0000000000e+00
-4.4881126503e-01 -7.0420956144e-01 5.5014301955e-01
3.9792589926e-01 3.9373442989e-01 8.2863030201e-01
-8.0013962974e-01 5.9081476987e-01 1.0351077544e-01
1.0267653248e+00 1.8488423724e+00 -1.2266540554e+00
5.3200000000e+02 0.0000000000e+00 0.0000000000e+00
-4.5984914676e-01 -7.2648374620e-01 5.1064677491e-01
3.7982469721e-01 3.5887825774e-01 8.5260752724e-01
-8.0266553533e-01 5.8602710059e-01 1.1090660832e-01
9.8146799137e-01 1.9006988551e+00 -1.1991613092e+00
5.3200000000e+02 0.0000000000e+00 0.0000000000e+00
-4.7888813694e-01 -7.2680057049e-01 4.9236884857e-01
3.2858729448e-01 3.7169377803e-01 8.6825925004e-01
-8.1406175577e-01 5.7758520247e-01 6.0817692213e-02
9.2959554504e-01 1.8605940585e+00 -1.3247469574e+00
5.3200000000e+02 0.0000000000e+00 0.0000000000e+00
-4.8123840945e-01 -7.2853824525e-01 4.8748499308e-01
3.2498180381e-01 3.6820724888e-01 8.7109715248e-01
-8.1412309909e-01 5.7762916052e-01 5.9566202292e-02
9.5470342138e-01 1.9008973600e+00 -1.3103198473e+00
5.3200000000e+02 0.0000000000e+00 0.0000000000e+00
-4.8456097687e-01 -7.3539684695e-01 4.7370047201e-01
3.2044114395e-01 3.5465475252e-01 8.7837206227e-01
-8.1395216872e-01 5.7741794569e-01 6.3799553561e-02
9.8112528090e-01 1.9346496955e+00 -1.2813519600e+00
5.3200000000e+02 0.0000000000e+00 0.0000000000e+00
-4.9589592747e-01 -7.4900005991e-01 4.3941567948e-01
2.9834518433e-01 3.2826481898e-01 8.9623231341e-01
-8.1552276492e-01 5.7553550618e-01 6.0675374074e-02
9.6513029097e-01 1.9495695400e+00 -1.2743053277e+00
5.3200000000e+02 0.0000000000e+00 0.0000000000e+00
-5.1114820898e-01 -7.5553974843e-01 4.0974040196e-01
2.7676615392e-01 3.0664322663e-01 9.1069776963e-01
-8.1371248270e-01 5.7890380902e-01 5.2367694219e-02
9.2697924715e-01 1.9747630770e+00 -1.2721736369e+00
5.3200000000e+02 0.0000000000e+00 0.0000000000e+00
-5.1842013826e-01 -7.6999830609e-01 3.7194511538e-01
1.0821926023e-01 3.7238557193e-01 9.2174702469e-01
-8.4825064218e-01 5.1810384522e-01 -1.0972353262e-01
8.7593463221e-01 1.7492520798e+00 -1.6076091604e+00
5.3200000000e+02 0.0000000000e+00 0.0000000000e+00
-5.6679931581e-01 -7.4931691947e-01 3.4243640254e-01
9.3144543773e-02 3.5470174203e-01 9.3032831203e-01
-8.1857353339e-01 5.5920553323e-01 -1.3124992210e-01
8.1437003837e-01 1.5964085096e+00 -1.6745842601e+00
5.3200000000e+02 0.0000000000e+00 0.0000000000e+00
-5.6825358491e-01 -7.6182215526e-01 3.1099013969e-01
5.4159228498e-03 3.7447013129e-01 9.2722316006e-01
-8.2283566465e-01 5.2858218332e-01 -2.0866802453e-01
7.6280116370e-01 1.4779324819e+00 -1.8028160742e+00
5.3200000000e+02 0.0000000000e+00 0.0000000000e+00
-5.8879626382e-01 -7.5297789389e-01 2.9384222130e-01
-6.2065782101e-03 3.6774061333e-01 9.2990769418e-01
-8.0825765576e-01 5.4570242131e-01 -2.2119771537e-01
7.2713952646e-01 1.4349501078e+00 -1.8458147795e+00
5.3200000000e+02 0.0000000000e+00 0.0000000000e+00
-5.7309047442e-01 -7.7481831041e-01 2.6687805079e-01
2.0753598714e-02 3.1183599844e-01 9.4990925789e-01
-8.1922926966e-01 5.4992262723e-01 -1.6262997200e-01
6.9804823313e-01 1.6226442002e+00 -1.7083185870e+00
5.3200000000e+02 0.0000000000e+00 0.0000000000e+00
-5.6881238398e-01 -7.5995666317e-01 3.1451286449e-01
1.4686997988e-01 2.8240105180e-01 9.4798673775e-01
-8.0924760169e-01 5.8541909436e-01 -4.9018395687e-02
8.0249799131e-01 1.9064518237e+00 -1.4454380772e+00
5.3200000000e+02 0.0000000000e+00 0.0000000000e+00
-5.9809380027e-01 -7.4117633472e-01 3.0486299699e-01
2.7604403612e-01 1.6660240622e-01 9.4659565199e-01
-7.5238520467e-01 6.5030860297e-01 1.0495344064e-01
7.2433223100e-01 2.1452292335e+00 -1.1216497401e+00
5.3200000000e+02 0.0000000000e+00 0.0000000000e+00
-6.1752052782e-01 -7.2435510578e-01 3.0655844213e-01
3.1033536361e-01 1.3375386821e-01 9.4117047597e-01
-7.2274501715e-01 6.7632801470e-01 1.4219724583e-01
6.9863069070e-01 2.2099065869e+00 -1.0521886477e+00
5.3200000000e+02 0.0000000000e+00 0.0000000000e+00
-5.9248906041e-01 -7.4858753614e-01 2.9761285932e-01
3.2258844950e-01 1.1805246877e-01 9.3914871392e-01
-7.3816895460e-01 6.5244180994e-01 1.7154089630e-01
7.3339235345e-01 2.2433454527e+00 -1.0005073089e+00
5.3200000000e+02 0.0000000000e+00 0.0000000000e+00
-5.9391899447e-01 -7.5566067056e-01 2.7611080923e-01
2.9395549399e-01 1.1564382558e-01 9.4879748796e-01
-7.4889945624e-01 6.4467313933e-01 1.5344754110e-01
7.3438260517e-01 2.2227708430e+00 -1.0611438277e+00
5.3200000000e+02 0.0000000000e+00 0.0000000000e+00
-5.7753041542e-01 -7.7560580257e-01 2.5474351471e-01
2.8445354308e-01 1.0130420781e-01 9.5332242149e-01
-7.6520899178e-01 6.2303538944e-01 1.6211755735e-01
7.8082149549e-01 2.2143624542e+00 -1.0433572675e+00
5.3200000000e+02 0.0000000000e+00 0.0000000000e+00
-5.7153819466e-01 -7.9461012070e-01 2.0478976568e-01
3.0731603644e-01 2.4130027644e-02 9.5130152713e-01
-7.6085540400e-01 6.0664033648e-01 2.3040520037e-01
7.3235300693e-01 2.2680243012e+00 -8.7714280688e-01
5.3200000000e+02 0.0000000000e+00 0.0000000000e+00
-5.7555357053e-01 -7.9683335351e-01 1.8383333262e-01
2.5013957004e-01 4.2479542508e-02 9.6727745966e-01
-7.7856809782e-01 6.0270398638e-01 1.7487030008e-01
7.3948509215e-01 2.2174965872e+00 -1.0313994094e+00
5.3200000000e+02 0.0000000000e+00 0.0000000000e+00
-5.9269065917e-01 -7.9396453445e-01 1.3541824311e-01
1.9824067231e-01 1.9156899977e-02 9.7996614688e-01
-7.8065255932e-01 6.0766218511e-01 1.4604194743e-01
6.4332306302e-01 2.1822985170e+00 -1.1015309377e+00
5.3200000000e+02 0.0000000000e+00 0.0000000000e+00
-6.0792145543e-01 -7.8817756594e-01 9.5956388898e-02
1.4527973759e-01 8.3943830551e-03 9.8935500816e-01
-7.8059291687e-01 6.1539065550e-01 1.0940310439e-01
5.7967633478e-01 2.1291658877e+00 -1.1857235524e+00
5.3200000000e+02 0.0000000000e+00 0.0000000000e+00
-6.2154714463e-01 -7.8168036799e-01 5.1526200218e-02
7.7039617535e-02 4.4632014843e-03 9.9701804255e-01
-7.7957940220e-01 6.2366327624e-01 5.7446266446e-02
5.1527107056e-01 2.0171162364e+00 -1.3196385955e+00
5.3200000000e+02 0.0000000000e+00 0.0000000000e+00
-6.5629534233e-01 -7.5425993893e-01 1.9192919659e-02
6.0014402429e-03 2.0218405621e-02 9.9977757466e-01
-7.5448022264e-01 6.5626455077e-01 -8.7425994870e-03
4.7921152536e-01 1.8483818176e+00 -1.4897565657e+00
5.3200000000e+02 0.0000000000e+00 0.0000000000e+00
-6.8407332724e-01 -7.2939583966e-01 5.0390514346e-03
-2.1712275351e-02 2.7267468221e-02 9.9939234652e-01
-7.2909002191e-01 6.8354823843e-01 -3.4489791022e-02
4.2026789526e-01 1.7750864622e+00 -1.5607878424e+00
5.3200000000e+02 0.0000000000e+00 0.0000000000e+00
-6.9346681344e-01 -7.1926513920e-01 4.1969491174e-02
3.0256376839e-02 2.9127877685e-02 9.9911766995e-01
-7.1985299215e-01 6.9412479158e-01 1.5631405778e-03
4.6683581703e-01 1.8296091344e+00 -1.4706750311e+00
5.3200000000e+02 0.0000000000e+00 0.0000000000e+00
-7.0680843232e-01 -7.0425032214e-01 6.6733228321e-02
1.0728151550e-01 -1.3468901899e-02 9.9413744780e-01
-6.9922279456e-01 7.0982397286e-01 8.5072975287e-02
4.5067084752e-01 2.0014413147e+00 -1.2556189300e+00
5.3200000000e+02 0.0000000000e+00 0.0000000000e+00
-7.3940093035e-01 -6.6373539288e-01 1.1287866244e-01
2.0475987598e-01 -6.1973962184e-02 9.7684831023e-01
-6.4137325901e-01 7.4539557032e-01 1.8172998203e-01
4.7882917689e-01 2.1010078339e+00 -1.0438113243e+00
5.3200000000e+02 0.0000000000e+00 0.0000000000e+00
-7.3595189697e-01 -6.6070349350e-01 1.4780290601e-01
2.5968011642e-01 -7.3857106541e-02 9.6286622381e-01
-6.2525278286e-01 7.4700469978e-01 2.2592683778e-01
4.5804817500e-01 2.2035937794e+00 -9.0260942346e-01
5.3200000000e+02 0.0000000000e+00 0.0000000000e+00
-7.9148048765e-01 -5.9248621046e-01 1.5006241398e-01
2.5794055893e-01 -1.0121461751e-01 9.6084456041e-01
-5.5409864260e-01 7.9919690416e-01 2.3293561911e-01
3.2062445212e-01 2.2176253499e+00 -8.8388250583e-01
5.3200000000e+02 0.0000000000e+00 0.0000000000e+00
-8.3983140147e-01 -5.2607710810e-01 1.3388836183e-01
2.1828715917e-01 -1.0145437535e-01 9.7059658245e-01
-4.9702508311e-01 8.4436359825e-01 2.0004044767e-01
1.4650536709e-01 2.1872921008e+00 -9.6946528680e-01
5.3200000000e+02 0.0000000000e+00 0.0000000000e+00
-8.6235313282e-01 -4.9337345585e-01 1.1370887111e-01
1.7042283336e-01 -7.1373005034e-02 9.8278275932e-01
-4.7676318249e-01 8.6688437938e-01 1.4563083674e-01
4.5469691308e-02 2.0870915507e+00 -1.0926581678e+00
5.3200000000e+02 0.0000000000e+00 0.0000000000e+00
-8.7435804769e-01 -4.6874642279e-01 1.2559775303e-01
1.7101419626e-01 -5.5415910718e-02 9.8370891097e-01
-4.5414991921e-01 8.8159280167e-01 1.2861564025e-01
4.8997304663e-02 2.0567492019e+00 -1.1273546048e+00
5.3200000000e+02 0.0000000000e+00 0.0000000000e+00
-8.7321537428e-01 -4.6860875719e-01 1.3379365756e-01
1.7985592479e-01 -5.4725625170e-02 9.8216951300e-01
-4.5293129328e-01 8.8170910091e-01 1.3206931866e-01
1.2543135350e-01 2.0558613170e+00 -1.1194147444e+00
5.3200000000e+02 0.0000000000e+00 0.0000000000e+00
-8.7050937812e-01 -4.7101960896e-01 1.4266727227e-01
1.9811767080e-01 -7.0020877979e-02 9.7767400761e-01
-4.5051394109e-01 8.7933930006e-01 1.5427113877e-01
1.8774815618e-01 2.0827911499e+00 -1.0820542327e+00
5.3200000000e+02 0.0000000000e+00 0.0000000000e+00
-8.8510625722e-01 -4.4514620722e-01 1.3576364617e-01
1.9957431486e-01 -9.9517624952e-02 9.7481605197e-01
-4.2042479265e-01 8.8991072391e-01 1.7692342187e-01
1.3812122381e-01 2.1218978024e+00 -1.0377280394e+00
5.3200000000e+02 0.0000000000e+00 0.0000000000e+00
-9.1343980414e-01 -3.9163936381e-01 1.1066315069e-01
1.8401651564e-01 -1.5492375415e-01 9.7063718885e-01
-3.6299538038e-01 9.0698249107e-01 2.1358163476e-01
2.8063808613e-03 2.1908992174e+00 -9.8040221080e-01
5.3200000000e+02 0.0000000000e+00 0.0000000000e+00
-9.6783245997e-01 -2.3730906501e-01 8.3574739580e-02
1.3595069659e-01 -2.1376813167e-01 9.6737820628e-01
-2.1170200171e-01 9.4762207316e-01 2.3915406943e-01
-3.3488581309e-01 2.2275679315e+00 -8.9218907307e-01
5.3200000000e+02 0.0000000000e+00 0.0000000000e+00
-9.8317589890e-01 -1.6331475221e-01 8.1813467907e-02
1.2109575263e-01 -2.4744030859e-01 9.6130594109e-01
-1.3675149182e-01 9.5504009622e-01 2.6305407066e-01
-4.3685175240e-01 2.2476317159e+00 -8.2875047968e-01
5.3200000000e+02 0.0000000000e+00 0.0000000000e+00
-9.9153752553e-01 -1.2333613004e-01 4.0515854743e-02
7.5169589654e-02 -2.9100029436e-01 9.5376535976e-01
-1.0584360278e-01 9.4873970493e-01 2.9780883809e-01
-5.6056977268e-01 2.2795070228e+00 -7.4831862168e-01
0 0 0
0 0 0
0 0 0
0 0 0
0 0 0
5.3200000000e+02 0.0000000000e+00 0.0000000000e+00
-9.8855886929e-01 1.4375519353e-01 -4.5670628329e-02
-9.6023786538e-02 -3.6628529693e-01 9.2553471770e-01
1.1632194280e-01 9.1933102068e-01 3.7589849699e-01
-1.0377676995e+00 2.1998949525e+00 -5.3626620517e-01
5.3200000000e+02 0.0000000000e+00 0.0000000000e+00
-9.6885574486e-01 2.3058878164e-01 -9.0262724496e-02
-1.7810468082e-01 -3.9565860197e-01 9.0096225968e-01
1.7203856638e-01 8.8897867492e-01 4.2440505087e-01
-1.1598078196e+00 2.1421495597e+00 -3.9930107046e-01
0 0 0
0 0 0
0 0 0
0 0 0
0 0 0
5.3200000000e+02 0.0000000000e+00 0.0000000000e+00
-8.8584890550e-01 4.5305536290e-01 -1.0006275414e-01
-3.0848301286e-01 -4.1402331157e-01 8.5640114915e-01
3.4656882058e-01 7.8950968052e-01 5.0652198074e-01
-1.4009952496e+00 1.9678558469e+00 -1.0860626051e-01
0 0 0
0 0 0
0 0 0
0 0 0
0 0 0
0 0 0
0 0 0
0 0 0
0 0 0
0 0 0
0 0 0
0 0 0
0 0 0
0 0 0
0 0 0
0 0 0
0 0 0
0 0 0
0 0 0
0 0 0
0 0 0
0 0 0
0 0 0
0 0 0
0 0 0
0 0 0
0 0 0
0 0 0
0 0 0
0 0 0
0 0 0
0 0 0
0 0 0
0 0 0
0 0 0
0 0 0
0 0 0
0 0 0
0 0 0
0 0 0
0 0 0
0 0 0
0 0 0
0 0 0
0 0 0
0 0 0
0 0 0
0 0 0
0 0 0
0 0 0
0 0 0
0 0 0
0 0 0
0 0 0
0 0 0
0 0 0
0 0 0
0 0 0
0 0 0
0 0 0
0 0 0
0 0 0
0 0 0
0 0 0
0 0 0
0 0 0
0 0 0
0 0 0
0 0 0
0 0 0
0 0 0
0 0 0
0 0 0
0 0 0
0 0 0
0 0 0
0 0 0
0 0 0
0 0 0
0 0 0
0 0 0
0 0 0
0 0 0
0 0 0
0 0 0
0 0 0
0 0 0
0 0 0
0 0 0
0 0 0
0 0 0
0 0 0
0 0 0
0 0 0
0 0 0
0 0 0
0 0 0
0 0 0
0 0 0
0 0 0
0 0 0
0 0 0
0 0 0
0 0 0
0 0 0
0 0 0
0 0 0
0 0 0
0 0 0
0 0 0
0 0 0
0 0 0
0 0 0
0 0 0
0 0 0
0 0 0
0 0 0
0 0 0
0 0 0
0 0 0
0 0 0
0 0 0
0 0 0
0 0 0
0 0 0
0 0 0
0 0 0
0 0 0
0 0 0
0 0 0
0 0 0
0 0 0
0 0 0
0 0 0
0 0 0
0 0 0
0 0 0
0 0 0
0 0 0
0 0 0
0 0 0
0 0 0
0 0 0
0 0 0
0 0 0
0 0 0
0 0 0
0 0 0
0 0 0
0 0 0
0 0 0
0 0 0
0 0 0
0 0 0
0 0 0
0 0 0
0 0 0
0 0 0
0 0 0
0 0 0
0 0 0
0 0 0
0 0 0
0 0 0
0 0 0
0 0 0
0 0 0
0 0 0
0 0 0
0 0 0
0 0 0
0 0 0
0 0 0
0 0 0
0 0 0
0 0 0
0 0 0
0 0 0
0 0 0
0 0 0
0 0 0
0 0 0
0 0 0
0 0 0
0 0 0
0 0 0
0 0 0
0 0 0
0 0 0
0 0 0
0 0 0
0 0 0
0 0 0
0 0 0
0 0 0
0 0 0
0 0 0
0 0 0
0 0 0
0 0 0
0 0 0
0 0 0
0 0 0
0 0 0
0 0 0
0 0 0
0 0 0
0 0 0
0 0 0
0 0 0
0 0 0
0 0 0
0 0 0
0 0 0
0 0 0
0 0 0
0 0 0
0 0 0
0 0 0
0 0 0
0 0 0
0 0 0
0 0 0
0 0 0
0 0 0
0 0 0
0 0 0
0 0 0
0 0 0
0 0 0
0 0 0
0 0 0
0 0 0
0 0 0
0 0 0
0 0 0
0 0 0
0 0 0
0 0 0
0 0 0
0 0 0
0 0 0
0 0 0
0 0 0
0 0 0
0 0 0
0 0 0
0 0 0
0 0 0
0 0 0
0 0 0
0 0 0
0 0 0
0 0 0
0 0 0
0 0 0
0 0 0
0 0 0
0 0 0
0 0 0
0 0 0
0 0 0
0 0 0
0 0 0
0 0 0
0 0 0
0 0 0
0 0 0
0 0 0
0 0 0
0 0 0
0 0 0
0 0 0
0 0 0
0 0 0
0 0 0
0 0 0
0 0 0
0 0 0
0 0 0
0 0 0
0 0 0
0 0 0
0 0 0
0 0 0
0 0 0
0 0 0
0 0 0
0 0 0
0 0 0
0 0 0
0 0 0
0 0 0
0 0 0
0 0 0
0 0 0
0 0 0
0 0 0
0 0 0
0 0 0
0 0 0
0 0 0
0 0 0
0 0 0
0 0 0
0 0 0
0 0 0
0 0 0
0 0 0
0 0 0
0 0 0
0 0 0
0 0 0
0 0 0
0 0 0
0 0 0
0 0 0
0 0 0
0 0 0
0 0 0
0 0 0
0 0 0
0 0 0
0 0 0
0 0 0
0 0 0
0 0 0
0 0 0
0 0 0
0 0 0
0 0 0
0 0 0
0 0 0
0 0 0
0 0 0
5.3200000000e+02 0.0000000000e+00 0.0000000000e+00
4.6847556809e-01 -6.7359186726e-01 5.7166829408e-01
5.7110703079e-01 7.2458716623e-01 3.8575924865e-01
-6.7406780185e-01 1.4576499887e-01 7.2414443561e-01
1.3440739817e+00 1.2155304427e+00 7.4208264295e-01
5.3200000000e+02 0.0000000000e+00 0.0000000000e+00
4.7156918014e-01 -6.2308099387e-01 6.2401328786e-01
5.3387790636e-01 7.6493717756e-01 3.6034080463e-01
-7.0185246985e-01 1.6322128985e-01 6.9336997419e-01
1.3579452643e+00 1.1323528399e+00 6.6710984479e-01
1.9872601539e-01 -5.1232153970e-01 -1.6683700647e+00
8 10 5
19 5 19 242.2500 -255.2000 14 34 394.2300 -338.4000 0 25 208.3700 -221.5900 1 22 205.6700 -228.9700 2 23 201.8700 -234.6600 3 22 212.4800 -241.8100 4 23 225.2900 -250.3400 6 21 258.1100 -257.7700 7 21 274.6300 -258.0400 8 21 279.1899 -268.3300 9 21 285.2600 -294.6100 10 34 304.2000 -311.3600 13 25 391.4800 -329.3900 11 29 340.2800 -350.3400 15 32 395.7400 -354.2500 12 23 371.8900 -341.6200 18 30 375.7400 -137.5700 16 40 392.7900 -284.1800 17 38 384.0000 -197.5000
2.4350034317e-01 -4.3052293933e-01 -1.6408077783e+00
160 135 84
31 5 28 286.1801 -194.1700 14 27 439.8000 -284.4400 0 34 252.5800 -160.5000 1 29 250.2100 -167.7800 2 31 246.3600 -173.3400 3 28 256.3101 -180.1800 4 31 269.6000 -188.6400 6 26 302.1600 -194.3500 7 29 318.3101 -194.1700 8 32 321.2700 -204.8300 9 34 327.8600 -231.9000 10 39 346.4600 -251.4100 13 29 438.8199 -271.0400 11 34 384.9301 -288.9700 15 25 437.7200 -302.7600 12 27 418.3700 -282.1400 19 19 410.9900 -56.0600 22 23 449.2300 119.1400 23 20 448.3000 163.4100 18 20 411.5300 -93.5400 20 19 420.7800 -7.9000 21 27 446.1899 58.1900 16 17 433.4900 -236.2700 17 23 421.7400 -151.3200 27 29 387.5300 178.2600 25 25 392.0500 124.2000 30 25 390.1400 215.0100 31 26 376.6200 211.6100 33 36 305.3500 202.9600 28 24 392.1300 179.2100 24 33 396.6000 140.8700
1.6891440963e-01 -4.3493384153e-01 -1.6685870499e+00
24 17 9
25 5 49 221.8199 -194.9900 14 37 374.2500 -284.2900 0 49 189.7400 -160.2100 1 44 187.5400 -167.5300 2 48 184.1100 -172.8900 3 48 193.8199 -179.8100 4 54 206.9000 -188.0800 6 53 237.2900 -195.7700 7 55 252.7700 -196.2400 8 40 257.1500 -205.6700 9 56 263.6300 -232.9800 10 60 282.0200 -251.8100 13 40 371.0800 -270.2700 11 44 318.3000 -288.6700 15 35 378.1200 -301.9500 12 39 351.1000 -280.8000 19 29 360.3199 -58.1100 22 30 398.9200 110.1800 23 26 397.7600 151.2800 18 37 359.7100 -94.3700 20 32 370.8900 -12.4700 21 39 396.0300 52.4000 16 44 377.8400 -235.9100 17 43 369.5800 -150.8700 24 39 346.7000 124.8100
3.5062425532e-02 -5.5129600238e-01 -1.6958704201e+00
26 98 24
21 5 45 121.0300 -285.7200 14 72 273.0200 -382.8500 0 63 87.3101 -247.9300 1 56 85.4800 -255.4100 2 56 81.3600 -260.9800 3 44 90.6500 -268.4600 4 66 102.9399 -277.2900 6 49 137.4700 -288.8500 8 51 156.5500 -300.8000 9 54 162.6600 -328.4100 10 58 179.4301 -348.6300 13 78 263.6300 -371.2000 11 62 211.3500 -390.2100 15 61 282.0900 -396.1700 12 49 241.3300 -382.7200 19 54 284.6000 -139.7000 18 72 279.2500 -175.3300 20 77 300.6801 -96.8900 21 88 328.5800 -33.4200 16 90 287.4900 -323.7000 17 89 284.0200 -234.4800
8.3421694987e-02 -5.2827275995e-01 -1.6826422921e+00
23 93 21
20 5 62 160.7300 -267.7400 14 74 313.0100 -364.1500 0 66 126.8700 -231.5900 1 59 124.3199 -238.5800 2 58 121.0000 -244.1700 3 62 130.5800 -251.3700 4 68 143.5100 -260.2900 6 61 177.0300 -270.2600 7 66 193.7700 -271.4800 8 69 195.8300 -281.9600 9 68 202.5699 -309.5500 10 76 219.5900 -329.6900 13 80 305.1100 -352.1300 11 89 253.4399 -370.7200 12 77 283.5100 -363.5900 19 84 313.7400 -123.3200 18 74 310.4301 -159.8700 20 104 326.9900 -79.3100 16 91 323.0100 -308.4300 17 68 317.8700 -220.3500
3.1303297382e-01 -4.2386554289e-01 -1.6257919396e+00
20 15 12
15 5 66 338.1500 -188.9700 14 91 487.5601 -277.2900 0 70 304.3800 -156.3200 1 62 301.5400 -163.4700 2 61 297.9500 -169.1200 3 65 308.5699 -176.2300 4 72 321.9700 -184.3900 6 92 354.2000 -187.3700 7 71 370.1700 -187.4100 8 73 373.7500 -198.7600 9 69 380.0300 -225.4800 10 77 399.5601 -245.2400 13 82 491.1400 -263.9500 11 65 438.5300 -285.5000 12 81 473.0601 -275.5600
1.3325868779e-02 -5.2112809480e-01 -1.6934747607e+00
20 88 15
20 5 188 105.3000 -262.5100 14 179 261.5601 -362.1000 0 162 71.9399 -225.2100 1 164 69.9399 -232.2400 2 161 66.6500 -237.9000 3 177 75.9301 -245.0500 4 192 88.7000 -254.1600 6 175 121.6300 -265.6500 7 190 137.8500 -267.3400 8 198 141.1000 -277.6200 9 193 147.7600 -305.0200 10 208 164.8700 -325.2800 13 148 250.7200 -348.1600 11 195 197.3800 -365.9300 15 146 273.2900 -376.4300 12 143 227.8500 -358.7800 19 114 276.2200 -124.7100 20 102 291.6000 -82.3800 16 144 279.9399 -305.9400 17 114 277.2300 -217.9400
1.4323852982e-01 -4.7693090969e-01 -1.6582291507e+00
24 117 23
17 5 193 212.4600 -229.3800 14 187 366.6899 -326.1200 0 166 178.3101 -194.2700 1 169 176.2100 -201.3900 2 164 172.8500 -206.9100 3 182 183.0100 -213.9500 4 197 195.7000 -222.6800 6 179 228.5500 -231.0100 7 195 244.4100 -231.6900 8 208 247.5601 -241.8300 9 200 254.1600 -269.5700 10 213 273.2700 -289.3700 13 195 361.9200 -312.3800 11 199 308.8199 -329.1000 15 151 370.8600 -341.6900 12 176 341.0400 -322.7200 18 146 354.9200 -126.9100
-2.1487632930e-01 -1.2602530375e-01 -1.7660428415e+00
152 87 8
