# Bundle file v0.3
200 9262
5.3200000000e+02 0.0000000000e+00 0.0000000000e+00
9.5115403430e-01 5.5860953155e-02 3.0362074526e-01
-9.9364142172e-02 9.8655286266e-01 1.2976985947e-01
-2.9228884736e-01 -1.5360014027e-01 9.4391431106e-01
6.4890434970e-01 4.4544105909e-01 9.2835026943e-01
5.3200000000e+02 0.0000000000e+00 0.0000000000e+00
9.5117115249e-01 5.5224192927e-02 3.0368359717e-01
-1.0107312956e-01 9.8534685137e-01 1.3738924623e-01
-2.9164646605e-01 -1.6137493924e-01 9.4281518222e-01
6.4601215076e-01 4.4940407926e-01 9.2207361398e-01
5.3200000000e+02 0.0000000000e+00 0.0000000000e+00
9.5134653751e-01 5.3734068109e-02 3.0340140983e-01
-1.0166678041e-01 9.8427297425e-01 1.4446652872e-01
-2.9086703376e-01 -1.6828357640e-01 9.4184765572e-01
6.4041385281e-01 4.5445395023e-01 9.1675471550e-01
5.3200000000e+02 0.0000000000e+00 0.0000000000e+00
9.5171069713e-01 5.2031034362e-02 3.0255498746e-01
-9.9399836829e-02 9.8466997864e-01 1.4333424437e-01
-2.9045898404e-01 -1.6648665002e-01 9.4229282813e-01
6.4920155259e-01 4.4494270161e-01 9.2139546097e-01
5.3200000000e+02 0.0000000000e+00 0.0000000000e+00
9.5210872600e-01 5.0336842216e-02 3.0158775869e-01
-9.7942303015e-02 9.8459153652e-01 1.4486825564e-01
-2.8964854420e-01 -1.6746852996e-01 9.4236829972e-01
6.6209654105e-01 4.3736148898e-01 9.2222515735e-01
5.3200000000e+02 0.0000000000e+00 0.0000000000e+00
9.5382338984e-01 3.5686729405e-02 2.9824050420e-01
-8.4103631381e-02 9.8493063681e-01 1.5112319429e-01
-2.8835311719e-01 -1.6922794689e-01 9.4245126229e-01
6.6896731276e-01 4.3883721502e-01 9.2274215619e-01
5.3200000000e+02 0.0000000000e+00 0.0000000000e+00
9.5530339549e-01 2.0171144390e-02 2.9493820964e-01
-6.9243979477e-02 9.8518357619e-01 1.5690313100e-01
-2.8740336442e-01 -1.7031278915e-01 9.4254594582e-01
6.7492746976e-01 4.4541157776e-01 9.2328250236e-01
5.3200000000e+02 0.0000000000e+00 0.0000000000e+00
9.5640666144e-01 1.0893350063e-02 2.9183494115e-01
-6.0191950223e-02 9.8520084688e-01 1.6048744632e-01
-2.8576778524e-01 -1.7105737699e-01 9.4290834480e-01
6.8428893215e-01 4.5021444824e-01 9.2417608705e-01
5.3200000000e+02 0.0000000000e+00 0.0000000000e+00
9.5591581109e-01 1.5780299845e-02 2.9321654839e-01
-6.4837180834e-02 9.8525169395e-01 1.5835163263e-01
-2.8639326475e-01 -1.7038216371e-01 9.4284082230e-01
6.9243011351e-01 4.3592460332e-01 9.2682576614e-01
5.3200000000e+02 0.0000000000e+00 0.0000000000e+00
9.5581235206e-01 1.3320859298e-02 2.9367550520e-01
-6.1784705364e-02 9.8576348985e-01 1.5637452560e-01
-2.8741154784e-01 -1.6760935768e-01 9.4302794518e-01
6.9948331429e-01 3.9957194349e-01 9.2861501542e-01
5.3200000000e+02 0.0000000000e+00 0.0000000000e+00
9.5528870587e-01 1.3740611130e-02 2.9535518285e-01
-6.0262128794e-02 9.8700034164e-01 1.4899262212e-01
-2.8946841670e-01 -1.6012970123e-01 9.4369831753e-01
7.2050938391e-01 3.6813385934e-01 9.4004379414e-01
5.3200000000e+02 0.0000000000e+00 0.0000000000e+00
9.5636244964e-01 1.1602818870e-02 2.9195246106e-01
-5.0807998479e-02 9.9059214905e-01 1.2706589447e-01
-2.8773149326e-01 -1.3635457030e-01 9.4795465026e-01
7.4344832506e-01 2.9682473780e-01 9.7549521611e-01
5.3200000000e+02 0.0000000000e+00 0.0000000000e+00
9.6084286847e-01 9.6377851721e-03 2.7692615480e-01
-3.5195507142e-02 9.9554528821e-01 8.7469168233e-02
-2.7484951954e-01 -9.3790682967e-02 9.5690179715e-01
7.4886146188e-01 2.4204446922e-01 1.0122719442e+00
5.3200000000e+02 0.0000000000e+00 0.0000000000e+00
9.6257569079e-01 7.3626731954e-03 2.7091295751e-01
-1.8234687279e-02 9.9912513743e-01 3.7635833032e-02
-2.7039884557e-01 -4.1167351039e-02 9.6186782539e-01
7.6308794288e-01 1.6753191599e-01 1.0389837960e+00
5.3200000000e+02 0.0000000000e+00 0.0000000000e+00
9.5888928781e-01 2.9717630762e-03 2.8376487160e-01
-9.6079628558e-03 9.9971186103e-01 2.1997317108e-02
-2.8361773707e-01 -2.3819394081e-02 9.5864154703e-01
8.0805986405e-01 1.0767427215e-01 1.0137766760e+00
5.3200000000e+02 0.0000000000e+00 0.0000000000e+00
9.5712268542e-01 -2.2883300233e-02 2.8877763006e-01
1.7270027753e-02 9.9960942723e-01 2.1971325473e-02
-2.8916761782e-01 -1.6042056353e-02 9.5714405459e-01
8.4468442348e-01 5.5765290168e-02 9.6680565178e-01
5.3200000000e+02 0.0000000000e+00 0.0000000000e+00
9.5576622032e-01 -3.2343083117e-02 2.9234373104e-01
3.0899630843e-02 9.9947682073e-01 9.5549800123e-03
-2.9249982037e-01 -9.9013763299e-05 9.5626557257e-01
8.7860135083e-01 9.6443543733e-02 9.2645375305e-01
5.3200000000e+02 0.0000000000e+00 0.0000000000e+00
9.5219240796e-01 -4.1591596271e-02 3.0265451814e-01
5.1474214533e-02 9.9836767485e-01 -2.4746536307e-02
-3.0113123961e-01 3.9142367591e-02 9.5277901509e-01
9.0831814775e-01 1.4048048186e-01 9.0053909732e-01
5.3200000000e+02 0.0000000000e+00 0.0000000000e+00
9.4558355038e-01 -2.8184046795e-02 3.2415645722e-01
3.0442628337e-02 9.9953471452e-01 -1.8975880464e-03
-3.2395215022e-01 1.1662502592e-02 9.4600158055e-01
9.5336899713e-01 2.5892092279e-01 8.5911131709e-01
5.3200000000e+02 0.0000000000e+00 0.0000000000e+00
9.4288642424e-01 -5.6814930786e-02 3.2823353672e-01
6.8843338285e-02 9.9731086252e-01 -2.5132414940e-02
-3.2592297520e-01 4.6293705260e-02 9.4426220251e-01
9.6161245315e-01 2.6317198392e-01 8.5098126440e-01
5.3200000000e+02 0.0000000000e+00 0.0000000000e+00
9.4092242701e-01 -1.1832612168e-01 3.1727577165e-01
1.4058801081e-01 9.8889770257e-01 -4.8128422721e-02
-3.0805843206e-01 8.9890281928e-02 9.4711126044e-01
9.4488863754e-01 2.8081288690e-01 8.5813159102e-01
5.3200000000e+02 0.0000000000e+00 0.0000000000e+00
9.5164826183e-01 -1.4295973748e-01 2.7189722178e-01
1.8755506144e-01 9.7138699109e-01 -1.4570659724e-01
-2.4328724726e-01 1.8965713014e-01 9.5123156398e-01
9.0519641379e-01 2.0341213881e-01 8.8236088181e-01
5.3200000000e+02 0.0000000000e+00 0.0000000000e+00
9.5296772530e-01 -1.7187515863e-01 2.4962260390e-01
2.3105629951e-01 9.4502143494e-01 -2.3140327127e-01
-1.9612623738e-01 2.7819672418e-01 9.4028776535e-01
8.5924727361e-01 1.3600960567e-01 8.9734287349e-01
5.3200000000e+02 0.0000000000e+00 0.0000000000e+00
9.4407393379e-01 -2.1346368759e-01 2.5131188118e-01
2.7842437816e-01 9.2438472405e-01 -2.6075418997e-01
-1.7664731299e-01 3.1614258811e-01 9.3212101725e-01
8.6016698297e-01 1.4302452265e-01 8.8077280070e-01
0 0 0
0 0 0
0 0 0
0 0 0
0 0 0
5.3200000000e+02 0.0000000000e+00 0.0000000000e+00
8.5975419623e-01 -3.0022140291e-01 4.1314625897e-01
3.6779382831e-01 9.2524225225e-01 -9.3029428206e-02
-3.5433094971e-01 2.3193508551e-01 9.0590048802e-01
1.0189543590e+00 3.4248623617e-01 8.3420444020e-01
0 0 0
0 0 0
0 0 0
0 0 0
0 0 0
5.3200000000e+02 0.0000000000e+00 0.0000000000e+00
8.2376207419e-01 -3.4655264986e-01 4.4868397119e-01
4.0865256599e-01 9.1151835882e-01 -4.6231610805e-02
-3.9296198981e-01 2.2143970375e-01 8.9249388354e-01
1.0661999322e+00 4.9297036189e-01 8.0889090549e-01
5.3200000000e+02 0.0000000000e+00 0.0000000000e+00
8.0237026584e-01 -3.7576371037e-01 4.6368479646e-01
4.2167152738e-01 9.0673411400e-01 5.1351251742e-03
-4.2236841678e-01 1.9140240460e-01 8.8598534978e-01
1.1130884061e+00 5.8732020546e-01 7.6444282248e-01
5.3200000000e+02 0.0000000000e+00 0.0000000000e+00
7.8725906912e-01 -3.9556784905e-01 4.7302138947e-01
4.3229227894e-01 9.0108966556e-01 3.4070517862e-02
-4.3971188710e-01 1.7766117026e-01 8.8039193824e-01
1.1472897258e+00 6.8132008311e-01 7.2776992899e-01
5.3200000000e+02 0.0000000000e+00 0.0000000000e+00
7.6346698242e-01 -4.1809174070e-01 4.9225751708e-01
4.4918483164e-01 8.9139296420e-01 6.0428225186e-02
-4.6405942915e-01 1.7497965520e-01 8.6834956468e-01
1.1883290146e+00 7.4846838443e-01 6.8566948092e-01
5.3200000000e+02 0.0000000000e+00 0.0000000000e+00
7.4667236812e-01 -4.2539075736e-01 5.1139327160e-01
4.4359172880e-01 8.9131305117e-01 9.3741255343e-02
-4.9568816087e-01 1.5685582033e-01 8.5421864812e-01
1.2106938914e+00 8.0476614052e-01 6.4084997004e-01
5.3200000000e+02 0.0000000000e+00 0.0000000000e+00
7.1019480805e-01 -4.4278932563e-01 5.4732161269e-01
4.5292635286e-01 8.8255794855e-01 1.2629008802e-01
-5.3896294260e-01 1.5820581706e-01 8.2733902721e-01
1.2218027758e+00 8.3569329532e-01 5.8433458449e-01
5.3200000000e+02 0.0000000000e+00 0.0000000000e+00
6.6921251846e-01 -4.6766266026e-01 5.7744804211e-01
4.7520347069e-01 8.6677623308e-01 1.5126342327e-01
-5.7125849366e-01 1.7317793732e-01 8.0229242514e-01
1.2137459044e+00 8.8199920208e-01 5.3301673257e-01
5.3200000000e+02 0.0000000000e+00 0.0000000000e+00
6.4230339418e-01 -4.8201311807e-01 5.9591081869e-01
4.9892236587e-01 8.5315499061e-01 1.5232542411e-01
-5.8182714156e-01 1.9947409858e-01 7.8847147148e-01
1.2127802525e+00 9.0817854887e-01 5.0801461660e-01
5.3200000000e+02 0.0000000000e+00 0.0000000000e+00
6.1795863897e-01 -4.9977695413e-01 6.0691854202e-01
5.2157469265e-01 8.3822395505e-01 1.5918681217e-01
-5.8829156081e-01 2.1818248623e-01 7.7865874566e-01
1.2234151736e+00 9.5005876489e-01 4.7187593190e-01
5.3200000000e+02 0.0000000000e+00 0.0000000000e+00
6.0901447328e-01 -5.0471172340e-01 6.1185574084e-01
5.2619916594e-01 8.3430773329e-01 1.6445377450e-01
-5.9347772418e-01 2.2180325165e-01 7.7368437263e-01
1.2978165939e+00 9.9057953269e-01 4.3347703252e-01
0 0 0
0 0 0
0 0 0
0 0 0
0 0 0
5.3200000000e+02 0.0000000000e+00 0.0000000000e+00
5.7043326731e-01 -5.3717899059e-01 6.2132489055e-01
4.4781824678e-01 8.3755485023e-01 3.1298672610e-01
-6.8852356924e-01 9.9702582371e-02 7.1832770354e-01
1.4222117221e+00 1.1470291546e+00 2.5771732840e-01
5.3200000000e+02 0.0000000000e+00 0.0000000000e+00
5.5190296739e-01 -5.5640125309e-01 6.2114471755e-01
4.1715157990e-01 8.2917342098e-01 3.7209675802e-01
-7.2207179281e-01 5.3750195367e-02 6.8972693330e-01
1.4614103657e+00 1.2057327658e+00 1.6268032320e-01
5.3200000000e+02 0.0000000000e+00 0.0000000000e+00
5.3065325510e-01 -5.7052434905e-01 6.2682460863e-01
4.1112474754e-01 8.1997134524e-01 3.9827557663e-01
-7.4120413167e-01 4.6356877811e-02 6.6967714242e-01
1.5120517088e+00 1.2627202925e+00 9.6534218474e-02
5.3200000000e+02 0.0000000000e+00 0.0000000000e+00
5.2018227283e-01 -5.7821752476e-01 6.2854983660e-01
4.1112851856e-01 8.1460777026e-01 4.0913020160e-01
-7.4858783337e-01 4.5592485015e-02 6.6146623576e-01
1.5816703335e+00 1.3081555044e+00 6.6903720869e-02
5.3200000000e+02 0.0000000000e+00 0.0000000000e+00
5.0447269639e-01 -5.9121801289e-01 6.2926032756e-01
4.2421416258e-01 8.0448059552e-01 4.1575631768e-01
-7.5203034704e-01 5.7203432274e-02 6.5664154946e-01
1.6350157521e+00 1.3714507034e+00 5.5723553006e-02
5.3200000000e+02 0.0000000000e+00 0.0000000000e+00
4.8913142306e-01 -5.9415791356e-01 6.3853490486e-01
4.4465133080e-01 7.9967654658e-01 4.0348806037e-01
-7.5035701169e-01 8.6566706051e-02 6.5534003418e-01
1.6885281887e+00 1.4149394632e+00 4.8535835191e-02
5.3200000000e+02 0.0000000000e+00 0.0000000000e+00
4.5568934866e-01 -6.0180325950e-01 6.5588112824e-01
4.6808724245e-01 7.8873437088e-01 3.9848767314e-01
-7.5712716962e-01 1.2542300047e-01 6.4111427997e-01
1.7171550843e+00 1.4475144509e+00 1.3195676954e-02
5.3200000000e+02 0.0000000000e+00 0.0000000000e+00
4.0951641428e-01 -6.1304790400e-01 6.7562458055e-01
5.0347481931e-01 7.6945064037e-01 3.9301249135e-01
-7.6079525022e-01 1.7921489739e-01 6.2375684991e-01
1.7099709483e+00 1.4923353729e+00 -3.1565946437e-02
5.3200000000e+02 0.0000000000e+00 0.0000000000e+00
3.6161833469e-01 -6.2721834717e-01 6.8980383080e-01
5.2113878527e-01 7.4948007387e-01 4.0828174753e-01
-7.7307602893e-01 2.1184136483e-01 5.9789354374e-01
1.6932222487e+00 1.5312907565e+00 -9.7093314518e-02
5.3200000000e+02 0.0000000000e+00 0.0000000000e+00
3.4956225140e-01 -6.2308764361e-01 6.9969137538e-01
5.1827396017e-01 7.5073674943e-01 4.0961742549e-01
-7.8051158518e-01 2.1944503054e-01 5.8535932893e-01
1.7610428102e+00 1.5125763038e+00 -1.2902979334e-01
5.3200000000e+02 0.0000000000e+00 0.0000000000e+00
3.1212506988e-01 -6.3809551350e-01 7.0385513879e-01
5.3230156889e-01 7.3111617443e-01 4.2676009566e-01
-7.8691357881e-01 2.4146066997e-01 5.6785892997e-01
1.7395599159e+00 1.5381144719e+00 -1.6173184676e-01
5.3200000000e+02 0.0000000000e+00 0.0000000000e+00
2.8315147279e-01 -6.5230510197e-01 7.0308128790e-01
5.4418297711e-01 7.1292131534e-01 4.4227602869e-01
-7.8974054656e-01 2.5737375950e-01 5.5683805280e-01
1.7299852642e+00 1.5759580032e+00 -1.7824535598e-01
0 0 0
0 0 0
0 0 0
0 0 0
0 0 0
0 0 0
0 0 0
0 0 0
0 0 0
0 0 0
0 0 0
0 0 0
0 0 0
0 0 0
0 0 0
0 0 0
0 0 0
0 0 0
0 0 0
0 0 0
0 0 0
0 0 0
0 0 0
0 0 0
0 0 0
0 0 0
0 0 0
0 0 0
0 0 0
0 0 0
5.3200000000e+02 0.0000000000e+00 0.0000000000e+00
9.1430455939e-01 -2.6269186428e-01 3.0828583672e-01
9.4454624235e-02 8.7845175500e-01 4.6840243178e-01
-3.9385974234e-01 -3.9914345614e-01 8.2798490613e-01
1.9754298413e+00 1.2773430740e+00 4.6072503587e-01
5.3200000000e+02 0.0000000000e+00 0.0000000000e+00
9.1315383200e-01 -2.7668384166e-01 2.9932612793e-01
1.2442918311e-01 8.8849667705e-01 4.4169110615e-01
-3.8815906210e-01 -3.6608702057e-01 8.4576168977e-01
1.9520255154e+00 1.2905058084e+00 5.1197934631e-01
5.3200000000e+02 0.0000000000e+00 0.0000000000e+00
9.0792602142e-01 -3.0343194176e-01 2.8913560200e-01
1.5872240990e-01 8.8738303661e-01 4.3284933051e-01
-3.8791434134e-01 -3.4710287099e-01 8.5383959895e-01
1.9142546042e+00 1.3355981470e+00 5.3305238194e-01
5.3200000000e+02 0.0000000000e+00 0.0000000000e+00
9.0837283916e-01 -3.0460488128e-01 2.8648673857e-01
1.6789759024e-01 8.9314013985e-01 4.1726620972e-01
-3.8297413003e-01 -3.3093285857e-01 8.6244667015e-01
1.9085864406e+00 1.3293886599e+00 5.6198780277e-01
5.3200000000e+02 0.0000000000e+00 0.0000000000e+00
9.0589682536e-01 -2.9382331814e-01 3.0498983509e-01
1.5075497671e-01 8.9672774146e-01 4.1611572272e-01
-3.9575734837e-01 -3.3097917671e-01 8.5663814169e-01
1.9278402725e+00 1.2973958116e+00 5.3959051579e-01
5.3200000000e+02 0.0000000000e+00 0.0000000000e+00
8.8897733513e-01 -3.1249634446e-01 3.3476160523e-01
1.5508526518e-01 8.9323729478e-01 4.2199016072e-01
-4.3089193327e-01 -3.2322309621e-01 8.4253128839e-01
1.9831250242e+00 1.2637226199e+00 5.1657430713e-01
5.3200000000e+02 0.0000000000e+00 0.0000000000e+00
8.7566218513e-01 -3.1857831128e-01 3.6293745620e-01
1.3785089980e-01 8.8516618790e-01 4.4438491110e-01
-4.6283135909e-01 -3.3909980739e-01 8.1902286517e-01
2.0453235384e+00 1.2576749764e+00 4.6669781714e-01
5.3200000000e+02 0.0000000000e+00 0.0000000000e+00
8.4051205240e-01 -3.8325315632e-01 3.8295757982e-01
1.7093300900e-01 8.5831506276e-01 4.8381521211e-01
-5.1412196628e-01 -3.4119242548e-01 7.8693477022e-01
2.0259165421e+00 1.3160675939e+00 4.1796059292e-01
0 0 0
0 0 0
0 0 0
0 0 0
0 0 0
0 0 0
0 0 0
0 0 0
0 0 0
0 0 0
5.3200000000e+02 0.0000000000e+00 0.0000000000e+00
6.6110784957e-01 -5.7761864949e-01 4.7884559829e-01
2.1635224844e-01 7.5786637353e-01 6.1549188822e-01
-7.1842057030e-01 -3.0330719680e-01 6.2600050202e-01
1.8562349097e+00 1.4267486422e+00 9.9008002845e-02
0 0 0
0 0 0
0 0 0
0 0 0
0 0 0
0 0 0
0 0 0
0 0 0
0 0 0
0 0 0
5.3200000000e+02 0.0000000000e+00 0.0000000000e+00
5.6683396568e-01 -6.3268895910e-01 5.2763996852e-01
2.6200327817e-01 7.4566193774e-01 6.1265206833e-01
-7.8105924077e-01 -2.0902860002e-01 5.8843309457e-01
1.8881516511e+00 1.4726101432e+00 1.5634900984e-02
5.3200000000e+02 0.0000000000e+00 0.0000000000e+00
5.6479888249e-01 -6.4821417237e-01 5.1070599084e-01
2.6167605129e-01 7.2760722615e-01 6.3412409561e-01
-7.8264159519e-01 -2.2451305351e-01 5.8057387323e-01
1.9129496720e+00 1.4966941871e+00 8.1760122480e-03
5.3200000000e+02 0.0000000000e+00 0.0000000000e+00
5.6693830087e-01 -6.4882103797e-01 5.0755514350e-01
3.0268788656e-01 7.3712105939e-01 6.0417926738e-01
-7.6613380446e-01 -1.8890157357e-01 6.1429242969e-01
1.9382553759e+00 1.5021462111e+00 1.1058606200e-01
5.3200000000e+02 0.0000000000e+00 0.0000000000e+00
5.5826249819e-01 -6.6347715781e-01 4.9813757556e-01
3.6631082132e-01 7.3582861515e-01 5.6953720801e-01
-7.4441881042e-01 -1.3547808012e-01 6.5382438353e-01
1.9347031054e+00 1.5309218104e+00 2.2727353017e-01
0 0 0
0 0 0
0 0 0
0 0 0
0 0 0
0 0 0
0 0 0
0 0 0
0 0 0
0 0 0
0 0 0
0 0 0
0 0 0
0 0 0
0 0 0
5.3200000000e+02 0.0000000000e+00 0.0000000000e+00
1.9593508215e-01 -7.1774510838e-01 6.6817019013e-01
3.6711210760e-01 6.8551629447e-01 6.2872578321e-01
-9.0930640823e-01 1.2210392875e-01 3.9780961093e-01
1.7431817708e+00 1.4757803334e+00 -3.7807522362e-01
5.3200000000e+02 0.0000000000e+00 0.0000000000e+00
1.4841338343e-01 -7.4841847208e-01 6.4640796581e-01
3.8114185832e-01 6.4643855874e-01 6.6094483401e-01
-9.1252635658e-01 1.4828007425e-01 3.8119374094e-01
1.6744305658e+00 1.5299324547e+00 -4.2988871170e-01
5.3200000000e+02 0.0000000000e+00 0.0000000000e+00
9.3558602578e-02 -7.6840528960e-01 6.3308774968e-01
4.0517523833e-01 6.1022471990e-01 6.8077809708e-01
-9.0943928556e-01 1.9281883244e-01 3.6843056840e-01
1.6167327860e+00 1.5831164000e+00 -4.6506215704e-01
5.3200000000e+02 0.0000000000e+00 0.0000000000e+00
6.8555725110e-02 -7.8076519326e-01 6.2105219229e-01
4.4539540874e-01 5.8098746089e-01 6.8123160538e-01
-8.9270546231e-01 2.2991146836e-01 3.8757924904e-01
1.6028080871e+00 1.6357612078e+00 -4.1064565269e-01
5.3200000000e+02 0.0000000000e+00 0.0000000000e+00
4.3397492547e-02 -7.8733198264e-01 6.1500000548e-01
4.8770616450e-01 5.5394337167e-01 6.7475138984e-01
-8.7192852617e-01 2.7065677543e-01 4.0802641479e-01
1.5916788929e+00 1.6864889525e+00 -3.6212416357e-01
5.3200000000e+02 0.0000000000e+00 0.0000000000e+00
6.9557724403e-03 -7.9511138589e-01 6.0642353290e-01
5.1787874364e-01 5.2163973485e-01 6.7800707512e-01
-8.5542575605e-01 3.0933779441e-01 4.1539969287e-01
1.5673703964e+00 1.7278708163e+00 -3.4440643373e-01
5.3200000000e+02 0.0000000000e+00 0.0000000000e+00
-6.4072922570e-02 -7.9837946812e-01 5.9873607330e-01
5.0962945762e-01 4.8965888130e-01 7.0746872432e-01
-8.5800493968e-01 3.5046312909e-01 3.7550381973e-01
1.4905653892e+00 1.7676189958e+00 -4.3794401153e-01
5.3200000000e+02 0.0000000000e+00 0.0000000000e+00
-1.4437604090e-01 -7.9682597662e-01 5.8670599264e-01
4.8887884775e-01 4.5806192276e-01 7.4241278756e-01
-8.6032146959e-01 3.9401476863e-01 3.2341819841e-01
1.3955567524e+00 1.8037802103e+00 -5.7351179581e-01
5.3200000000e+02 0.0000000000e+00 0.0000000000e+00
-2.1057279709e-01 -7.9041917694e-01 5.7523614443e-01
4.6857345316e-01 4.3482112398e-01 7.6900553258e-01
-8.5796154699e-01 4.3147203255e-01 2.7880794287e-01
1.3217773390e+00 1.8244816077e+00 -6.9087473302e-01
5.3200000000e+02 0.0000000000e+00 0.0000000000e+00
-3.1537797034e-01 -7.5221136986e-01 5.7854540953e-01
4.3290624299e-01 4.2848366417e-01 7.9309137829e-01
-8.4446960905e-01 5.0057946882e-01 1.9050268974e-01
1.1814054985e+00 1.8235999766e+00 -9.1404884989e-01
5.3200000000e+02 0.0000000000e+00 0.0000000000e+00
-3.8831958338e-01 -7.3769093028e-01 5.5228615096e-01
4.0180494053e-01 4.0380844331e-01 8.2188291798e-01
-8.2931338523e-01 5.4106453634e-01 1.3960113390e-01
1.0464333170e+00 1.8359931732e+00 -1.0412371581e+00
5.3200000000e+02 0.0000000000e+00 0.0000000000e+00
-3.9841900034e-01 -7.6244004907e-01 5.0985044057e-01
3.8819763589e-01 3.6345843800e-01 8.4687694462e-01
-8.3100234396e-01 5.3533460137e-01 1.5116867702e-01
9.9087517377e-01 1.8925155579e+00 -1.0029224089e+00
5.3200000000e+02 0.0000000000e+00 0.0000000000e+00
-4.1585272752e-01 -7.6610422132e-01 4.9005186571e-01
3.3470111051e-01 3.7210703117e-01 8.6574333608e-01
-8.4560136923e-01 5.2404263130e-01 1.0167420980e-01
9.3775187905e-01 1.8648304876e+00 -1.1252722688e+00
5.3200000000e+02 0.0000000000e+00 0.0000000000e+00
-4.1108960019e-01 -7.6996197959e-01 4.8802037928e-01
3.3775769889e-01 3.6859645560e-01 8.6605795982e-01
-8.4671428325e-01 5.2086006076e-01 1.0853441689e-01
9.7026632622e-01 1.8991968359e+00 -1.0909501062e+00
5.3200000000e+02 0.0000000000e+00 0.0000000000e+00
-4.0746465529e-01 -7.8229899323e-01 4.7114842659e-01
3.4021964636e-01 3.4874163373e-01 8.7328681722e-01
-8.4748046993e-01 5.1612746303e-01 1.2405359725e-01
9.8780983955e-01 1.9353327663e+00 -1.0360554242e+00
5.3200000000e+02 0.0000000000e+00 0.0000000000e+00
-4.1025919193e-01 -8.0172931140e-01 4.3464641570e-01
3.1525171469e-01 3.2254424639e-01 8.9251418224e-01
-8.5574748134e-01 5.0318517503e-01 1.2041979825e-01
9.6570884827e-01 1.9525765354e+00 -1.0332679977e+00
5.3200000000e+02 0.0000000000e+00 0.0000000000e+00
-4.2321959247e-01 -8.1034752413e-01 4.0524321916e-01
2.9695961613e-01 2.9850209215e-01 9.0703444663e-01
-8.5597906688e-01 5.0421561966e-01 1.1430855591e-01
9.2646307216e-01 1.9786765621e+00 -1.0288965791e+00
0 0 0
0 0 0
0 0 0
0 0 0
0 0 0
5.3200000000e+02 0.0000000000e+00 0.0000000000e+00
-4.6065694240e-01 -8.2352355767e-01 3.3106514674e-01
4.0268318418e-02 3.5322302216e-01 9.3467211317e-01
-8.8666433556e-01 4.4389463455e-01 -1.2955272853e-01
8.0637509813e-01 1.6019278970e+00 -1.5859021490e+00
5.3200000000e+02 0.0000000000e+00 0.0000000000e+00
-4.5088478677e-01 -8.4330224098e-01 2.9247946836e-01
-5.5958378373e-02 3.5373987700e-01 9.3366844185e-01
-8.9082634051e-01 4.0461021956e-01 -2.0668575490e-01
7.4502328625e-01 1.5041696657e+00 -1.6986416580e+00
5.3200000000e+02 0.0000000000e+00 0.0000000000e+00
-4.7727765096e-01 -8.2934421869e-01 2.9050681717e-01
-9.3469803163e-02 3.7662654745e-01 9.2163758585e-01
-8.7376738311e-01 4.1272340699e-01 -2.5727407473e-01
7.4514482998e-01 1.3864263889e+00 -1.8466042992e+00
0 0 0
0 0 0
0 0 0
0 0 0
0 0 0
0 0 0
0 0 0
0 0 0
0 0 0
0 0 0
5.3200000000e+02 0.0000000000e+00 0.0000000000e+00
-5.0161040115e-01 -8.1239656580e-01 2.9731939953e-01
3.1065333021e-01 1.5160601566e-01 9.3835500981e-01
-8.0739179702e-01 5.6305189449e-01 1.7632654429e-01
7.1832328683e-01 2.1356015539e+00 -8.6142031994e-01
5.3200000000e+02 0.0000000000e+00 0.0000000000e+00
-5.1786588176e-01 -8.0161816312e-01 2.9870260974e-01
3.5390699520e-01 1.1713167664e-01 9.2791702704e-01
-7.7882268024e-01 5.8624951248e-01 2.2303977641e-01
6.9944378912e-01 2.1891052404e+00 -7.6306246000e-01
5.3200000000e+02 0.0000000000e+00 0.0000000000e+00
-4.9150060418e-01 -8.2118563379e-01 2.8996777572e-01
3.7027002123e-01 1.0432014712e-01 9.2304789599e-01
-7.8824315250e-01 5.6104497304e-01 2.5278700671e-01
7.2765074337e-01 2.2132712774e+00 -7.0478982306e-01
5.3200000000e+02 0.0000000000e+00 0.0000000000e+00
-4.8160563226e-01 -8.3590803069e-01 2.6327510174e-01
3.3842020147e-01 9.9724319562e-02 9.3569590537e-01
-8.0841065196e-01 5.3973403108e-01 2.3486037019e-01
7.1930773503e-01 2.2001439957e+00 -7.6684031291e-01
5.3200000000e+02 0.0000000000e+00 0.0000000000e+00
-4.4984712002e-01 -8.6230134128e-01 2.3253809460e-01
3.2280493266e-01 8.5782742421e-02 9.4257004862e-01
-8.3272717264e-01 4.9907686576e-01 2.3976600678e-01
7.4425388587e-01 2.1949053804e+00 -7.6027160436e-01
5.3200000000e+02 0.0000000000e+00 0.0000000000e+00
-4.3930156702e-01 -8.7965447785e-01 1.8226939626e-01
3.4197411610e-01 2.3867597534e-02 9.3940621762e-01
-8.3070321844e-01 4.7501403914e-01 2.9033398954e-01
6.9222295420e-01 2.2349150866e+00 -6.4049249815e-01
5.3200000000e+02 0.0000000000e+00 0.0000000000e+00
-4.2758733209e-01 -8.9211153351e-01 1.4596604133e-01
2.7265891923e-01 2.6673813732e-02 9.6174093259e-01
-8.6187364921e-01 4.5102718260e-01 2.3183678171e-01
6.6705646659e-01 2.2034948853e+00 -7.9829179392e-01
5.3200000000e+02 0.0000000000e+00 0.0000000000e+00
-4.4615531182e-01 -8.8988051336e-01 9.5174101913e-02
2.2488533521e-01 -8.5417204127e-03 9.7434779469e-01
-8.6624016516e-01 4.5611370398e-01 2.0393201148e-01
5.6489232922e-01 2.1748752616e+00 -8.6869408609e-01
0 0 0
0 0 0
0 0 0
0 0 0
0 0 0
0 0 0
0 0 0
0 0 0
0 0 0
0 0 0
0 0 0
0 0 0
0 0 0
0 0 0
0 0 0
0 0 0
0 0 0
0 0 0
0 0 0
0 0 0
0 0 0
0 0 0
0 0 0
0 0 0
0 0 0
0 0 0
0 0 0
0 0 0
0 0 0
0 0 0
0 0 0
0 0 0
0 0 0
0 0 0
0 0 0
0 0 0
0 0 0
0 0 0
0 0 0
0 0 0
0 0 0
0 0 0
0 0 0
0 0 0
0 0 0
0 0 0
0 0 0
0 0 0
0 0 0
0 0 0
0 0 0
0 0 0
0 0 0
0 0 0
0 0 0
0 0 0
0 0 0
0 0 0
0 0 0
0 0 0
0 0 0
0 0 0
0 0 0
0 0 0
0 0 0
0 0 0
0 0 0
0 0 0
0 0 0
0 0 0
0 0 0
0 0 0
0 0 0
0 0 0
0 0 0
0 0 0
0 0 0
0 0 0
0 0 0
0 0 0
0 0 0
0 0 0
0 0 0
0 0 0
0 0 0
0 0 0
0 0 0
0 0 0
0 0 0
0 0 0
0 0 0
0 0 0
0 0 0
0 0 0
0 0 0
0 0 0
0 0 0
0 0 0
0 0 0
0 0 0
0 0 0
0 0 0
0 0 0
0 0 0
0 0 0
0 0 0
0 0 0
0 0 0
0 0 0
0 0 0
0 0 0
0 0 0
0 0 0
0 0 0
0 0 0
0 0 0
0 0 0
0 0 0
0 0 0
0 0 0
0 0 0
0 0 0
0 0 0
0 0 0
0 0 0
0 0 0
0 0 0
0 0 0
0 0 0
0 0 0
0 0 0
0 0 0
0 0 0
0 0 0
0 0 0
0 0 0
0 0 0
0 0 0
0 0 0
0 0 0
0 0 0
0 0 0
0 0 0
0 0 0
0 0 0
0 0 0
0 0 0
0 0 0
0 0 0
0 0 0
0 0 0
0 0 0
0 0 0
0 0 0
0 0 0
0 0 0
0 0 0
0 0 0
0 0 0
0 0 0
0 0 0
0 0 0
0 0 0
0 0 0
0 0 0
0 0 0
0 0 0
0 0 0
0 0 0
0 0 0
0 0 0
0 0 0
0 0 0
0 0 0
0 0 0
0 0 0
0 0 0
0 0 0
0 0 0
0 0 0
0 0 0
0 0 0
0 0 0
0 0 0
0 0 0
0 0 0
0 0 0
0 0 0
0 0 0
0 0 0
0 0 0
0 0 0
0 0 0
0 0 0
0 0 0
0 0 0
0 0 0
0 0 0
0 0 0
0 0 0
0 0 0
0 0 0
0 0 0
0 0 0
0 0 0
0 0 0
0 0 0
0 0 0
0 0 0
0 0 0
0 0 0
0 0 0
0 0 0
0 0 0
0 0 0
0 0 0
0 0 0
0 0 0
0 0 0
0 0 0
0 0 0
0 0 0
0 0 0
0 0 0
0 0 0
0 0 0
0 0 0
0 0 0
0 0 0
0 0 0
0 0 0
0 0 0
0 0 0
0 0 0
0 0 0
0 0 0
0 0 0
0 0 0
0 0 0
0 0 0
0 0 0
0 0 0
0 0 0
0 0 0
0 0 0
0 0 0
0 0 0
0 0 0
0 0 0
0 0 0
0 0 0
0 0 0
0 0 0
0 0 0
0 0 0
0 0 0
0 0 0
0 0 0
0 0 0
0 0 0
0 0 0
0 0 0
0 0 0
0 0 0
0 0 0
0 0 0
0 0 0
0 0 0
0 0 0
0 0 0
0 0 0
0 0 0
0 0 0
0 0 0
0 0 0
0 0 0
0 0 0
0 0 0
0 0 0
0 0 0
0 0 0
0 0 0
0 0 0
0 0 0
0 0 0
0 0 0
0 0 0
0 0 0
0 0 0
0 0 0
0 0 0
0 0 0
0 0 0
0 0 0
0 0 0
0 0 0
0 0 0
0 0 0
0 0 0
0 0 0
0 0 0
0 0 0
0 0 0
0 0 0
0 0 0
0 0 0
0 0 0
0 0 0
0 0 0
0 0 0
0 0 0
0 0 0
0 0 0
0 0 0
0 0 0
0 0 0
0 0 0
0 0 0
0 0 0
0 0 0
0 0 0
0 0 0
0 0 0
0 0 0
0 0 0
0 0 0
0 0 0
0 0 0
0 0 0
0 0 0
0 0 0
0 0 0
0 0 0
0 0 0
0 0 0
0 0 0
0 0 0
0 0 0
0 0 0
0 0 0
0 0 0
0 0 0
0 0 0
0 0 0
0 0 0
0 0 0
0 0 0
0 0 0
0 0 0
0 0 0
0 0 0
0 0 0
0 0 0
0 0 0
0 0 0
0 0 0
0 0 0
0 0 0
0 0 0
0 0 0
0 0 0
0 0 0
0 0 0
0 0 0
0 0 0
0 0 0
0 0 0
0 0 0
0 0 0
0 0 0
0 0 0
0 0 0
0 0 0
0 0 0
0 0 0
0 0 0
0 0 0
0 0 0
0 0 0
0 0 0
0 0 0
0 0 0
0 0 0
0 0 0
0 0 0
0 0 0
0 0 0
0 0 0
0 0 0
0 0 0
0 0 0
0 0 0
0 0 0
0 0 0
0 0 0
0 0 0
0 0 0
0 0 0
0 0 0
0 0 0
0 0 0
0 0 0
0 0 0
0 0 0
0 0 0
0 0 0
0 0 0
0 0 0
0 0 0
0 0 0
0 0 0
0 0 0
0 0 0
0 0 0
0 0 0
0 0 0
0 0 0
0 0 0
0 0 0
0 0 0
0 0 0
0 0 0
0 0 0
0 0 0
0 0 0
0 0 0
0 0 0
0 0 0
0 0 0
0 0 0
0 0 0
0 0 0
0 0 0
0 0 0
0 0 0
0 0 0
0 0 0
0 0 0
0 0 0
0 0 0
0 0 0
0 0 0
0 0 0
0 0 0
0 0 0
0 0 0
0 0 0
0 0 0
0 0 0
0 0 0
0 0 0
0 0 0
0 0 0
0 0 0
0 0 0
0 0 0
0 0 0
0 0 0
0 0 0
0 0 0
0 0 0
0 0 0
0 0 0
0 0 0
0 0 0
1.5305406193e-01 -4.8222144996e-01 -1.6953092662e+00
8 10 5
19 5 19 242.2500 -255.2000 14 34 394.2300 -338.4000 0 25 208.3700 -221.5900 1 22 205.6700 -228.9700 2 23 201.8700 -234.6600 3 22 212.4800 -241.8100 4 23 225.2900 -250.3400 6 21 258.1100 -257.7700 7 21 274.6300 -258.0400 8 21 279.1899 -268.3300 9 21 285.2600 -294.6100 10 34 304.2000 -311.3600 13 25 391.4800 -329.3900 11 29 340.2800 -350.3400 15 32 395.7400 -354.2500 12 23 371.8900 -341.6200 18 30 375.7400 -137.5700 16 40 392.7900 -284.1800 17 38 384.0000 -197.5000
1.9496452475e-01 -4.0749548166e-01 -1.6686875922e+00
160 135 84
30 5 28 286.1801 -194.1700 14 27 439.8000 -284.4400 0 34 252.5800 -160.5000 1 29 250.2100 -167.7800 2 31 246.3600 -173.3400 3 28 256.3101 -180.1800 4 31 269.6000 -188.6400 6 26 302.1600 -194.3500 7 29 318.3101 -194.1700 8 32 321.2700 -204.8300 9 34 327.8600 -231.9000 10 39 346.4600 -251.4100 13 29 438.8199 -271.0400 11 34 384.9301 -288.9700 15 25 437.7200 -302.7600 12 27 418.3700 -282.1400 19 19 410.9900 -56.0600 22 23 449.2300 119.1400 23 20 448.3000 163.4100 18 20 411.5300 -93.5400 20 19 420.7800 -7.9000 21 27 446.1899 58.1900 16 17 433.4900 -236.2700 17 23 421.7400 -151.3200 27 29 387.5300 178.2600 25 25 392.0500 124.2000 30 25 390.1400 215.0100 31 26 376.6200 211.6100 33 36 305.3500 202.9600 28 24 392.1300 179.2100
1.2600348912e-01 -4.1060075029e-01 -1.6946637522e+00
24 17 9
24 5 49 221.8199 -194.9900 14 37 374.2500 -284.2900 0 49 189.7400 -160.2100 1 44 187.5400 -167.5300 2 48 184.1100 -172.8900 3 48 193.8199 -179.8100 4 54 206.9000 -188.0800 6 53 237.2900 -195.7700 7 55 252.7700 -196.2400 8 40 257.1500 -205.6700 9 56 263.6300 -232.9800 10 60 282.0200 -251.8100 13 40 371.0800 -270.2700 11 44 318.3000 -288.6700 15 35 378.1200 -301.9500 12 39 351.1000 -280.8000 19 29 360.3199 -58.1100 22 30 398.9200 110.1800 23 26 397.7600 151.2800 18 37 359.7100 -94.3700 20 32 370.8900 -12.4700 21 39 396.0300 52.4000 16 44 377.8400 -235.9100 17 43 369.5800 -150.8700
1.6977705748e-03 -5.1679483669e-01 -1.7221139446e+00
26 98 24
21 5 45 121.0300 -285.7200 14 72 273.0200 -382.8500 0 63 87.3101 -247.9300 1 56 85.4800 -255.4100 2 56 81.3600 -260.9800 3 44 90.6500 -268.4600 4 66 102.9399 -277.2900 6 49 137.4700 -288.8500 8 51 156.5500 -300.8000 9 54 162.6600 -328.4100 10 58 179.4301 -348.6300 13 78 263.6300 -371.2000 11 62 211.3500 -390.2100 15 61 282.0900 -396.1700 12 49 241.3300 -382.7200 19 54 284.6000 -139.7000 18 72 279.2500 -175.3300 20 77 300.6801 -96.8900 21 88 328.5800 -33.4200 16 90 287.4900 -323.7000 17 89 284.0200 -234.4800
4.6495037997e-02 -4.9603557249e-01 -1.7093775543e+00
23 93 21
20 5 62 160.7300 -267.7400 14 74 313.0100 -364.1500 0 66 126.8700 -231.5900 1 59 124.3199 -238.5800 2 58 121.0000 -244.1700 3 62 130.5800 -251.3700 4 68 143.5100 -260.2900 6 61 177.0300 -270.2600 7 66 193.7700 -271.4800 8 69 195.8300 -281.9600 9 68 202.5699 -309.5500 10 76 219.5900 -329.6900 13 80 305.1100 -352.1300 11 89 253.4399 -370.7200 12 77 283.5100 -363.5900 19 84 313.7400 -123.3200 18 74 310.4301 -159.8700 20 104 326.9900 -79.3100 16 91 323.0100 -308.4300 17 68 317.8700 -220.3500
2.5902324957e-01 -4.0177756693e-01 -1.6541883373e+00
20 15 12
15 5 66 338.1500 -188.9700 14 91 487.5601 -277.2900 0 70 304.3800 -156.3200 1 62 301.5400 -163.4700 2 61 297.9500 -169.1200 3 65 308.5699 -176.2300 4 72 321.9700 -184.3900 6 92 354.2000 -187.3700 7 71 370.1700 -187.4100 8 73 373.7500 -198.7600 9 69 380.0300 -225.4800 10 77 399.5601 -245.2400 13 82 491.1400 -263.9500 11 65 438.5300 -285.5000 12 81 473.0601 -275.5600
-1.8185608032e-02 -4.8885983073e-01 -1.7196765658e+00
20 88 15
20 5 188 105.3000 -262.5100 14 179 261.5601 -362.1000 0 162 71.9399 -225.2100 1 164 69.9399 -232.2400 2 161 66.6500 -237.9000 3 177 75.9301 -245.0500 4 192 88.7000 -254.1600 6 175 121.6300 -265.6500 7 190 137.8500 -267.3400 8 198 141.1000 -277.6200 9 193 147.7600 -305.0200 10 208 164.8700 -325.2800 13 148 250.7200 -348.1600 11 195 197.3800 -365.9300 15 146 273.2900 -376.4300 12 143 227.8500 -358.7800 19 114 276.2200 -124.7100 20 102 291.6000 -82.3800 16 144 279.9399 -305.9400 17 114 277.2300 -217.9400
1.0194920849e-01 -4.4931101249e-01 -1.6858081664e+00
24 117 23
17 5 193 212.4600 -229.3800 14 187 366.6899 -326.1200 0 166 178.3101 -194.2700 1 169 176.2100 -201.3900 2 164 172.8500 -206.9100 3 182 183.0100 -213.9500 4 197 195.7000 -222.6800 6 179 228.5500 -231.0100 7 195 244.4100 -231.6900 8 208 247.5601 -241.8300 9 200 254.1600 -269.5700 10 213 273.2700 -289.3700 13 195 361.9200 -312.3800 11 199 308.8199 -329.1000 15 151 370.8600 -341.6900 12 176 341.0400 -322.7200 18 146 354.9200 -126.9100
-2.2615827138e-01 -1.2140837566e-01 -1.7830407258e+00
152 87 8
15 5 205 -65.3300 55.1100 14 125 70.4800 -45.2000 0 176 -90.0200 92.2100 1 184 -91.9300 84.5400 2 181 -95.1000 78.5700 3 193 -88.0000 73.2500 4 205 -76.7600 65.2500 6 195 -54.8400 49.5500 7 208 -42.8100 46.8500 8 225 -38.5900 39.0000 9 214 -33.2200 12.1700 10 236 -20.0100 -2.3000 13 155 53.5200 -15.0100 11 154 4.2300 -32.1000 15 161 90.9301 -86.5400
3.0275993652e-01 -7.5032364715e-01 -1.7688397438e+00
29 23 9
3 5 228 305.0100 -449.5400 14 299 423.5000 -483.5500 0 189 264.1400 -412.5200
-7.3023366386e-02 -5.1489523253e-01 -1.7392817895e+00
53 113 44
11 5 266 54.2700 -283.5800 14 173 210.1700 -383.9100 0 204 21.0400 -245.5400 1 162 17.4000 -252.9900 2 157 14.1300 -258.7500 3 243 24.3400 -265.6500 4 260 37.2800 -274.6200 6 239 70.9399 -287.6700 7 245 87.2500 -289.7700 9 262 96.9700 -327.9700 10 271 113.9301 -348.5300
9.3168249068e-02 -4.5771779783e-01 -1.6848955120e+00
191 202 144
12 5 191 206.8101 -237.3900 14 184 361.7400 -334.5800 0 205 172.7800 -202.2900 1 216 170.6100 -209.3200 3 181 177.0200 -221.8500 4 196 190.0601 -230.6900 6 177 222.9500 -239.2500 7 252 239.0000 -240.3000 8 204 242.7200 -250.5300 9 197 249.1600 -278.2500 10 140 268.3800 -298.5000 13 191 356.9600 -321.5200
7.6645424092e-02 -4.5181939266e-01 -1.6928537974e+00
208 220 147
14 5 275 189.8000 -230.9500 14 185 344.9600 -328.4400 0 206 156.1801 -195.5200 1 217 153.9301 -202.6100 2 218 150.5300 -208.1800 3 248 160.4200 -215.1300 4 270 173.6300 -223.7600 6 245 205.7300 -232.8900 7 253 221.8300 -233.8000 8 205 225.6600 -244.1300 9 198 232.1400 -271.8400 10 211 250.6300 -291.8400 13 192 338.7600 -314.4100 11 143 286.6700 -331.9400
7.6335983336e-02 -4.5176062043e-01 -1.6923852254e+00
208 220 147
15 5 277 189.8000 -230.9500 14 186 344.9600 -328.4400 0 208 156.1801 -195.5200 1 219 153.9301 -202.6100 2 220 150.5300 -208.1800 3 249 160.4200 -215.1300 4 271 173.6300 -223.7600 6 247 205.7300 -232.8900 7 255 221.8300 -233.8000 8 207 225.6600 -244.1300 9 199 232.1400 -271.8400 10 212 250.6300 -291.8400 13 194 338.7600 -314.4100 11 144 286.6700 -331.9400 18 104 338.6000 -130.7200
1.0840169151e-01 -4.4168074271e-01 -1.6842357149e+00
218 218 165
14 5 280 217.6899 -222.4600 14 235 372.0699 -319.4000 0 210 183.9301 -187.5300 1 221 181.6500 -194.6600 2 222 178.2400 -200.3600 3 252 188.1899 -207.2300 4 274 201.2700 -215.9400 6 249 233.4000 -223.9400 7 258 249.6801 -224.5700 8 292 253.2200 -235.0200 9 274 259.7300 -262.6200 10 284 278.3400 -282.6700 13 260 367.8300 -305.1500 11 245 314.7400 -322.5700
1.0144945703e-01 -4.3587150544e-01 -1.6887862812e+00
16 89 11
11 5 282 210.2600 -216.4900 14 191 362.5900 -312.4400 0 212 177.0500 -181.5900 3 385 181.5900 -200.8000 4 423 193.9301 -209.6200 7 260 242.1500 -218.8300 8 293 244.8900 -229.6500 9 276 251.6100 -256.8100 10 285 269.6400 -276.1800 13 199 358.1300 -298.7000 19 155 353.8800 -83.1500
-1.4668146553e-01 -8.2606778893e-02 -1.7589663850e+00
112 65 40
15 5 337 1.9000 82.2200 14 276 138.5699 -13.1400 0 248 -22.8400 118.0900 1 258 -24.8600 110.2400 2 257 -28.1800 104.2400 3 312 -20.5500 98.9900 4 336 -8.9000 91.1000 6 295 12.1800 77.7600 7 320 24.2300 75.6100 8 342 28.6000 68.4200 9 320 33.6100 42.0500 10 341 48.1700 27.2400 13 319 125.0000 17.1600 11 272 73.7400 -0.1700 15 289 155.2600 -55.1100
5.9350743554e-01 -5.9660556024e-01 -1.5305839287e+00
22 14 0
14 5 389 682.9700 -387.3400 14 454 824.3400 -462.5700 0 281 638.4700 -356.8600 1 294 635.7900 -364.1200 2 288 631.8500 -369.7400 3 352 645.5900 -378.0000 4 385 661.1801 -386.4200 6 337 703.4399 -382.3900 7 375 723.2600 -379.4900 8 389 727.1700 -392.5700 9 370 733.8000 -420.5700 10 398 757.1200 -443.7300 11 236 808.1600 -489.2900 12 242 845.8101 -483.4100
3.4149900722e-01 -4.9878985717e-01 -1.5375249590e+00
89 87 66
11 5 256 510.4100 -307.3000 14 221 679.4000 -423.8800 0 295 468.8500 -274.5100 1 209 466.1600 -281.5500 2 208 462.4399 -286.8900 3 232 474.6899 -295.3000 4 252 489.9600 -304.2200 6 234 529.6700 -304.6800 7 241 548.7600 -303.1800 8 187 553.0200 -317.0400 9 179 560.7100 -347.7300
3.3974073048e-01 -4.9819419762e-01 -1.5367245821e+00
89 87 66
10 5 257 510.4100 -307.3000 14 222 679.4000 -423.8800 0 296 468.8500 -274.5100 2 209 462.4399 -286.8900 3 233 474.6899 -295.3000 4 253 489.9600 -304.2200 6 235 529.6700 -304.6800 7 242 548.7600 -303.1800 8 188 553.0200 -317.0400 9 180 560.7100 -347.7300
-1.1558960064e-02 -4.9195738365e-01 -1.7157652264e+00
213 230 159
11 5 270 112.6100 -265.8000 14 177 270.1100 -366.0300 0 308 78.4900 -229.3800 1 315 76.5900 -236.0100 2 217 73.3400 -241.5800 4 267 95.7500 -257.6100 6 241 128.8000 -269.1200 7 250 145.0601 -270.8100 8 286 148.4301 -280.9900 9 269 155.0601 -308.8600 10 275 172.7500 -329.2300
1.1873114221e-01 -4.3198510833e-01 -1.6783455770e+00
207 224 153
19 5 412 227.8000 -214.2400 14 239 381.7100 -310.1900 0 315 194.2100 -179.9400 1 319 192.0800 -186.9400 2 326 188.4100 -192.7100 3 254 198.4600 -199.2900 6 361 243.5200 -216.0000 7 398 259.7100 -216.0300 8 295 263.2800 -226.5700 9 279 269.8300 -254.1500 10 288 288.5200 -274.0900 13 261 378.3300 -295.9400 12 222 357.6200 -305.9500 19 261 367.8700 -78.9900 23 222 411.5900 132.2900 20 164 379.7800 -32.4600 21 190 406.1100 32.1400 27 444 360.0500 140.7600 25 217 360.2600 89.0700
1.6716952814e-01 -4.1175635937e-01 -1.6701802838e+00
214 228 156
17 5 286 266.4399 -196.9100 14 246 419.4399 -291.1300 0 317 232.6899 -163.0000 1 226 230.5601 -170.3300 2 226 227.0100 -175.8500 3 256 237.0601 -182.5200 4 276 250.2600 -191.1100 6 254 281.9900 -197.6000 7 264 298.1801 -197.6400 8 297 301.8700 -207.8900 9 280 308.2100 -235.5100 10 219 327.6200 -255.0900 13 267 418.4600 -276.5100 12 224 398.3500 -286.5300 19 203 396.3600 -62.6200 22 216 435.9399 110.0300 21 192 432.5699 50.3900
-1.0810951173e-01 -4.1201513106e-01 -1.8660070418e+00
98 11 6
7 5 431 -3.6900 -174.6800 14 334 127.5500 -246.2900 0 325 -32.3200 -138.0000 1 328 -34.1600 -145.0800 2 333 -37.3600 -151.0300 3 394 -29.2100 -157.2800 10 416 45.6800 -229.9700
-1.0814953642e-01 -4.1203849519e-01 -1.8649555383e+00
98 11 6
9 5 432 -3.6900 -174.6800 14 335 127.5500 -246.2900 0 326 -32.3200 -138.0000 1 329 -34.1600 -145.0800 2 334 -37.3600 -151.0300 3 395 -29.2100 -157.2800 6 374 9.5600 -179.7100 10 417 45.6800 -229.9700 13 373 114.6000 -234.1000
-2.8607916662e-01 -3.9982533681e-01 -1.9182756047e+00
107 52 12
12 5 439 -137.9800 -159.9700 14 338 -9.3100 -238.7300 0 333 -164.7700 -121.1100 1 333 -166.5700 -128.1400 2 340 -169.7800 -134.2700 3 401 -162.3000 -140.4200 4 441 -151.4600 -148.6900 6 381 -124.4300 -167.0600 7 416 -110.3900 -170.4700 8 428 -108.2400 -177.8600 9 414 -103.1300 -202.6500 10 420 -91.2300 -217.8600
-7.6721934690e-02 -3.5382135521e-01 -1.8485208410e+00
78 1 3
12 5 453 22.8700 -132.5300 14 578 152.8900 -205.8100 0 340 -5.1200 -96.2200 1 340 -6.6800 -103.5900 2 346 -10.2100 -109.4500 3 413 -2.0100 -115.5300 4 450 9.4300 -123.7100 6 392 35.9000 -136.5100 7 425 49.7400 -138.6100 9 426 57.9600 -171.2000 10 426 72.0200 -186.5000 13 681 141.9700 -191.0100
-2.4267242285e-01 -3.3836137137e-01 -1.8776454310e+00
151 87 20
5 5 469 -99.6700 -117.3300 14 353 31.8200 -201.5700 0 345 -126.3400 -79.0800 3 430 -123.7300 -98.5200 4 470 -112.5200 -106.5600
-2.5315518202e-01 -3.0139764460e-01 -1.8637991934e+00
112 58 14
13 5 491 -104.5100 -89.0400 14 364 27.3500 -176.6800 0 356 -130.7700 -50.5900 1 364 -132.7200 -57.9800 2 229 -136.1300 -63.8900 3 268 -128.6400 -69.9000 4 289 -117.4000 -78.2100 6 263 -92.3000 -95.2400 7 277 -78.6700 -98.2100 9 445 -69.6400 -131.2000 10 440 -57.2300 -147.1300 13 278 9.3400 -156.7100 11 331 -35.8000 -178.2600
-3.5147736068e-02 -2.5830849394e-01 -1.8269776766e+00
75 5 1
12 5 512 58.1700 -63.9300 14 633 187.6100 -136.8700 0 363 31.4500 -28.8900 1 376 29.2200 -36.2600 2 380 25.9100 -42.2800 3 465 34.2100 -47.8800 4 498 45.6500 -55.7700 6 454 70.0500 -67.4400 7 500 83.6000 -68.9600 8 467 86.7400 -76.4700 9 455 91.7500 -101.3300 10 455 106.4399 -115.9800
-3.3189151561e-01 -2.2178957166e-01 -1.8770185608e+00
102 59 8
11 5 533 -161.1200 -26.1200 14 376 -33.3500 -117.7100 0 378 -185.8600 12.6600 1 397 -187.5200 5.0400 4 528 -172.6400 -14.9400 6 474 -149.7400 -33.4900 7 526 -136.5000 -37.4400 8 486 -133.6500 -44.2000 10 482 -116.7500 -84.5600 13 436 -54.0300 -93.6200 11 348 -96.9300 -114.2100
-3.3174933833e-01 -2.2190484548e-01 -1.8778963417e+00
102 59 8
13 5 534 -161.1200 -26.1200 14 377 -33.3500 -117.7100 0 379 -185.8600 12.6600 1 398 -187.5200 5.0400 2 396 -189.7200 -1.9300 4 529 -172.6400 -14.9400 6 475 -149.7400 -33.4900 7 527 -136.5000 -37.4400 8 487 -133.6500 -44.2000 9 469 -128.8700 -69.6700 10 483 -116.7500 -84.5600 13 437 -54.0300 -93.6200 11 349 -96.9300 -114.2100
-3.5073369488e-01 -2.2263093848e-01 -1.8944383052e+00
160 113 32
14 5 1030 -173.5900 -28.3200 14 646 -48.0900 -117.9500 0 380 -201.5600 12.5900 1 395 -202.5500 4.6300 2 699 -203.4300 -2.4500 3 483 -198.3800 -7.4000 6 472 -165.0600 -34.4800 7 524 -152.3000 -38.2600 8 488 -149.4800 -44.9100 9 468 -142.5200 -71.3900 10 480 -132.8600 -85.0900 13 438 -71.8500 -92.9400 11 350 -113.8600 -114.4400 15 369 -24.2000 -151.4500
-3.6409810272e-01 -2.1751632757e-01 -1.9108161851e+00
158 112 31
