# Bundle file v0.3
200 10858
5.3200000000e+02 0.0000000000e+00 0.0000000000e+00
9.5263808028e-01 6.6489299564e-02 2.9674881809e-01
-1.0526642727e-01 9.8757806424e-01 1.1665567416e-01
-2.8530626927e-01 -1.4236832537e-01 9.4780356227e-01
6.1341525753e-01 4.3417777947e-01 8.6975482967e-01
5.3200000000e+02 0.0000000000e+00 0.0000000000e+00
9.5266145854e-01 6.5851531263e-02 2.9681597203e-01
-1.0691736634e-01 9.8646690432e-01 1.2430496147e-01
-2.8461346102e-01 -1.5015532792e-01 9.4680967216e-01
6.1028647813e-01 4.3735671381e-01 8.6335835469e-01
5.3200000000e+02 0.0000000000e+00 0.0000000000e+00
9.5284552649e-01 6.4360031485e-02 2.9655216909e-01
-1.0745852282e-01 9.8548880680e-01 1.3139435885e-01
-2.8379229820e-01 -1.5706558506e-01 9.4593463488e-01
6.0431253598e-01 4.4173444326e-01 8.5794988734e-01
5.3200000000e+02 0.0000000000e+00 0.0000000000e+00
9.5321385206e-01 6.2648510248e-02 2.9573386076e-01
-1.0520117278e-01 9.8588617196e-01 1.3023505359e-01
-2.8340089181e-01 -1.5525340609e-01 9.4635105242e-01
6.1400731455e-01 4.3150912973e-01 8.6282739323e-01
5.3200000000e+02 0.0000000000e+00 0.0000000000e+00
9.5361530425e-01 6.0942789954e-02 2.9479455195e-01
-1.0373166850e-01 9.8584010619e-01 1.3175365637e-01
-2.8259085700e-01 -1.5622183385e-01 9.4643391009e-01
6.2816316109e-01 4.2299253126e-01 8.6371170832e-01
5.3200000000e+02 0.0000000000e+00 0.0000000000e+00
9.5540642868e-01 4.6257450588e-02 2.9164842584e-01
-8.9854351009e-02 9.8636065834e-01 1.3790883687e-01
-2.8129122211e-01 -1.5796486935e-01 9.4653174718e-01
6.3653690001e-01 4.2300974854e-01 8.6426238269e-01
5.3200000000e+02 0.0000000000e+00 0.0000000000e+00
9.5696946141e-01 3.0706192905e-02 2.8855949066e-01
-7.4959076829e-02 9.8679505010e-01 1.4358504764e-01
-2.8034012687e-01 -1.5903665874e-01 9.4663443548e-01
6.4395312219e-01 4.2858234501e-01 8.6482781670e-01
5.3200000000e+02 0.0000000000e+00 0.0000000000e+00
9.5811439794e-01 2.1392963238e-02 2.8558561164e-01
-6.5884650130e-02 9.8692379318e-01 1.4710757739e-01
-2.7870416813e-01 -1.5976159605e-01 9.4699536382e-01
6.5483786694e-01 4.3283408001e-01 8.6569455947e-01
5.3200000000e+02 0.0000000000e+00 0.0000000000e+00
9.5759782702e-01 2.6292358337e-02 2.8690610587e-01
-7.0540437557e-02 9.8691406101e-01 1.4499890636e-01
-2.7933930687e-01 -1.5908911990e-01 9.4692143474e-01
6.6329686515e-01 4.1789768172e-01 8.6857579890e-01
5.3200000000e+02 0.0000000000e+00 0.0000000000e+00
9.5751185015e-01 2.3842924766e-02 2.8740663138e-01
-6.7500871104e-02 9.8742285723e-01 1.4296759571e-01
-2.8038311152e-01 -1.5629336506e-01 9.4707850510e-01
6.7095000482e-01 3.7869850925e-01 8.7045419197e-01
5.3200000000e+02 0.0000000000e+00 0.0000000000e+00
9.5699232012e-01 2.4290778805e-02 2.8909454732e-01
-6.6039910556e-02 9.8856717727e-01 1.3554949739e-01
-2.8249677775e-01 -1.4881160605e-01 9.4765535743e-01
6.9345795075e-01 3.4575133542e-01 8.8256113458e-01
5.3200000000e+02 0.0000000000e+00 0.0000000000e+00
9.5806785964e-01 2.2132864616e-02 2.8568533850e-01
-5.6743761539e-02 9.9192227826e-01 1.1344751831e-01
-2.8086673327e-01 -1.2490128177e-01 9.5158475605e-01
7.1879222366e-01 2.7150883832e-01 9.1948216688e-01
5.3200000000e+02 0.0000000000e+00 0.0000000000e+00
9.6245806147e-01 2.0005896897e-02 2.7069215725e-01
-4.1465995044e-02 9.9641114328e-01 7.3792986139e-02
-2.6824438701e-01 -8.2247174040e-02 9.5983350181e-01
7.2699385092e-01 2.1798413269e-01 9.5592220447e-01
5.3200000000e+02 0.0000000000e+00 0.0000000000e+00
9.6415669230e-01 1.7652348914e-02 2.6474566525e-01
-2.4825516674e-02 9.9940909709e-01 2.3772891412e-02
-2.6416957889e-01 -2.9493240277e-02 9.6402519799e-01
7.4342731253e-01 1.4449487777e-01 9.8221845427e-01
5.3200000000e+02 0.0000000000e+00 0.0000000000e+00
9.6059111332e-01 1.3427642855e-02 2.7764079565e-01
-1.6317107297e-02 9.9983406415e-01 8.0991467108e-03
-2.7748597264e-01 -1.2310263008e-02 9.6065081711e-01
7.9025007128e-01 8.1908989633e-02 9.5544225143e-01
5.3200000000e+02 0.0000000000e+00 0.0000000000e+00
9.5900682409e-01 -1.2333192825e-02 2.8311447104e-01
1.0475466806e-02 9.9991252793e-01 8.0747192272e-03
-2.8318929350e-01 -4.7779545979e-03 9.5905213372e-01
8.3013782854e-01 2.4927320288e-02 9.0469476486e-01
5.3200000000e+02 0.0000000000e+00 0.0000000000e+00
9.5770044918e-01 -2.1746726779e-02 2.8694412262e-01
2.4113483843e-02 9.9969810233e-01 -4.7163635978e-03
-2.8675492939e-01 1.1436086001e-02 9.5793571100e-01
8.6692579736e-01 6.9863221046e-02 8.6079332414e-01
5.3200000000e+02 0.0000000000e+00 0.0000000000e+00
9.5433469403e-01 -3.1221928521e-02 2.9710348862e-01
4.5047896790e-02 9.9819161001e-01 -3.9801968521e-02
-2.9532351543e-01 5.1368286741e-02 9.5401536694e-01
8.9722797394e-01 1.2100255540e-01 8.3273725811e-01
5.3200000000e+02 0.0000000000e+00 0.0000000000e+00
9.4775104197e-01 -1.8126970062e-02 3.1849548726e-01
2.5350493455e-02 9.9950651251e-01 -1.8549499738e-02
-3.1800206750e-01 2.5654325470e-02 9.4774286632e-01
9.4231783305e-01 2.4353682222e-01 7.9151204907e-01
5.3200000000e+02 0.0000000000e+00 0.0000000000e+00
9.4518867466e-01 -4.6811739832e-02 3.2315171406e-01
6.3609934231e-02 9.9710691217e-01 -4.1612281441e-02
-3.2026886448e-01 5.9887116423e-02 9.4543185251e-01
9.5176665700e-01 2.5108718975e-01 7.8155028549e-01
5.3200000000e+02 0.0000000000e+00 0.0000000000e+00
9.4346000119e-01 -1.0830809472e-01 3.1329312595e-01
1.3479755352e-01 9.8879782361e-01 -6.4097453795e-02
-3.0284128799e-01 1.0270453075e-01 9.4749086204e-01
9.3803805995e-01 2.7278903919e-01 7.8613162126e-01
5.3200000000e+02 0.0000000000e+00 0.0000000000e+00
9.5427696880e-01 -1.3322451378e-01 2.6759427450e-01
1.8103466791e-01 9.6992410954e-01 -1.6270731623e-01
-2.3786953532e-01 2.0371168516e-01 9.4969449482e-01
9.0182433729e-01 2.0167984764e-01 8.0617000103e-01
5.3200000000e+02 0.0000000000e+00 0.0000000000e+00
9.5545249554e-01 -1.6284083879e-01 2.4615724648e-01
2.2436194164e-01 9.4260786275e-01 -2.4728957970e-01
-1.9176091342e-01 2.9150176382e-01 9.3715232155e-01
8.5698485391e-01 1.4289294839e-01 8.1919837352e-01
5.3200000000e+02 0.0000000000e+00 0.0000000000e+00
9.4735095032e-01 -2.0392160633e-01 2.4686464997e-01
2.7045443017e-01 9.2232361431e-01 -2.7599556463e-01
-1.7140763733e-01 3.2823029867e-01 9.2891565435e-01
8.5665986576e-01 1.5457745183e-01 8.0251498822e-01
5.3200000000e+02 0.0000000000e+00 0.0000000000e+00
9.1468141421e-01 -2.5938518316e-01 3.0996328371e-01
3.2245997155e-01 9.3068932316e-01 -1.7273375611e-01
-2.4367494175e-01 2.5794710797e-01 9.3492556509e-01
8.4343007680e-01 2.7075022416e-01 8.0386747643e-01
5.3200000000e+02 0.0000000000e+00 0.0000000000e+00
8.7061206764e-01 -2.8752632242e-01 3.9920325851e-01
3.5408257897e-01 9.2955869647e-01 -1.0269448420e-01
-3.4155549323e-01 2.3075797652e-01 9.1109308049e-01
9.8957438545e-01 3.5316240269e-01 7.6792117461e-01
0 0 0
0 0 0
0 0 0
0 0 0
0 0 0
5.3200000000e+02 0.0000000000e+00 0.0000000000e+00
8.3525352668e-01 -3.3237976823e-01 4.3803565590e-01
3.9493836215e-01 9.1691763799e-01 -5.7321333253e-02
-3.8259016750e-01 2.2087493026e-01 8.9712821208e-01
1.0430563210e+00 5.0495677177e-01 7.4371701660e-01
5.3200000000e+02 0.0000000000e+00 0.0000000000e+00
8.1443263309e-01 -3.6204489750e-01 4.5345669954e-01
4.0837335869e-01 9.1280304899e-01 -4.6683696466e-03
-4.1222649852e-01 1.8898170800e-01 8.9126608146e-01
1.0931357832e+00 6.0129710300e-01 6.9751421839e-01
5.3200000000e+02 0.0000000000e+00 0.0000000000e+00
7.9959754320e-01 -3.8133909970e-01 4.6392268747e-01
4.1826386758e-01 9.0796928759e-01 2.5438354435e-02
-4.3092819122e-01 1.7370165181e-01 8.8551037835e-01
1.1320129927e+00 7.0064926445e-01 6.5763609077e-01
5.3200000000e+02 0.0000000000e+00 0.0000000000e+00
7.7593891667e-01 -4.0410093867e-01 4.8437715571e-01
4.3550792436e-01 8.9867682717e-01 5.2084624742e-02
-4.5634597119e-01 1.7053560239e-01 8.7330748473e-01
1.1766286881e+00 7.6948159677e-01 6.1379739863e-01
5.3200000000e+02 0.0000000000e+00 0.0000000000e+00
7.5957610449e-01 -4.1154873793e-01 5.0365839394e-01
4.3034670826e-01 8.9862699405e-01 8.5271544266e-02
-4.8769442500e-01 1.5197750450e-01 8.5968423619e-01
1.1984943739e+00 8.2494276412e-01 5.6944867072e-01
5.3200000000e+02 0.0000000000e+00 0.0000000000e+00
7.2538067333e-01 -4.2909457872e-01 5.3823853566e-01
4.3928092687e-01 8.9057091201e-01 1.1796490141e-01
-5.2995768326e-01 1.5086846321e-01 8.3449599206e-01
1.2031385396e+00 8.5324433693e-01 5.1571695519e-01
5.3200000000e+02 0.0000000000e+00 0.0000000000e+00
6.8231135090e-01 -4.5517375343e-01 5.7207348708e-01
4.6407750894e-01 8.7431444395e-01 1.4214893177e-01
-5.6487457557e-01 1.6849660915e-01 8.0779057099e-01
1.1968115619e+00 8.9704827770e-01 4.6383015562e-01
5.3200000000e+02 0.0000000000e+00 0.0000000000e+00
6.5596838565e-01 -4.6967272026e-01 5.9085786182e-01
4.8809803917e-01 8.6106479233e-01 1.4257533999e-01
-5.7573064986e-01 1.9487164818e-01 7.9407761557e-01
1.1940391572e+00 9.2365491491e-01 4.3949347920e-01
5.3200000000e+02 0.0000000000e+00 0.0000000000e+00
6.3296953659e-01 -4.8757827555e-01 6.0134598274e-01
5.1055440849e-01 8.4680297561e-01 1.4919422397e-01
-5.8196543000e-01 2.1258444371e-01 7.8493572512e-01
1.2037717857e+00 9.6722904662e-01 4.0274885498e-01
5.3200000000e+02 0.0000000000e+00 0.0000000000e+00
6.2420191452e-01 -4.9292151461e-01 6.0613558743e-01
5.1503799511e-01 8.4300706988e-01 1.5516102514e-01
-5.8745879303e-01 2.1533104877e-01 7.8007993560e-01
1.2840971877e+00 1.0116323452e+00 3.6199116766e-01
5.3200000000e+02 0.0000000000e+00 0.0000000000e+00
6.1095372104e-01 -5.1809083219e-01 5.9859622480e-01
4.9831308166e-01 8.3920910979e-01 2.1774329538e-01
-6.1515821005e-01 1.6525725290e-01 7.7088936753e-01
1.3377088201e+00 1.0850333229e+00 3.1579719136e-01
5.3200000000e+02 0.0000000000e+00 0.0000000000e+00
5.8412598339e-01 -5.2381017893e-01 6.2001591269e-01
4.3896935281e-01 8.4640276728e-01 3.0150997137e-01
-6.8271717630e-01 9.6048175397e-02 7.2434246402e-01
1.4275600448e+00 1.1540057338e+00 1.8489712670e-01
5.3200000000e+02 0.0000000000e+00 0.0000000000e+00
5.6517525112e-01 -5.4445624199e-01 6.1979378513e-01
4.0830886484e-01 8.3742997977e-01 3.6331102361e-01
-7.1684085153e-01 4.7732897837e-02 6.9560100923e-01
1.4716395629e+00 1.2137121891e+00 8.5478947552e-02
5.3200000000e+02 0.0000000000e+00 0.0000000000e+00
5.4324302763e-01 -5.5885637118e-01 6.2655133015e-01
4.0239001938e-01 8.2828445930e-01 3.8990656161e-01
-7.3686449584e-01 4.0303980864e-02 6.7483798345e-01
1.5284347406e+00 1.2722341665e+00 1.6252066328e-02
5.3200000000e+02 0.0000000000e+00 0.0000000000e+00
5.3207407403e-01 -5.6654355131e-01 6.2922617890e-01
4.0206862383e-01 8.2308075463e-01 4.0109711179e-01
-7.4514294030e-01 3.9578729482e-02 6.6572931639e-01
1.6064077723e+00 1.3205662533e+00 -1.6959506887e-02
5.3200000000e+02 0.0000000000e+00 0.0000000000e+00
5.1522380341e-01 -5.7957242038e-01 6.3137963376e-01
4.1381539299e-01 8.1334913524e-01 4.0892542685e-01
-7.5053397852e-01 5.0586497543e-02 6.5889282387e-01
1.6678398613e+00 1.3903441890e+00 -3.3305093228e-02
5.3200000000e+02 0.0000000000e+00 0.0000000000e+00
4.9879555224e-01 -5.8294782884e-01 6.4138508395e-01
4.3296068372e-01 8.0865614369e-01 3.9827162543e-01
-7.5083156794e-01 7.9038409128e-02 6.5574757832e-01
1.7261241277e+00 1.4423713946e+00 -4.5862776565e-02
5.3200000000e+02 0.0000000000e+00 0.0000000000e+00
4.6422198132e-01 -5.9115310166e-01 6.5957256042e-01
4.5669684255e-01 7.9780680679e-01 3.9361439638e-01
-7.5889784955e-01 1.1850025081e-01 6.4033721156e-01
1.7564972508e+00 1.4789644617e+00 -8.4329353961e-02
5.3200000000e+02 0.0000000000e+00 0.0000000000e+00
4.1788199771e-01 -6.0291290172e-01 6.7961067452e-01
4.9244769364e-01 7.7894985010e-01 3.8824270766e-01
-7.6345917049e-01 1.7243307097e-01 6.2241218740e-01
1.7470520604e+00 1.5283850518e+00 -1.3172256055e-01
5.3200000000e+02 0.0000000000e+00 0.0000000000e+00
3.6925195582e-01 -6.1772311019e-01 6.9431343949e-01
5.1089453853e-01 7.5901709943e-01 4.0358371284e-01
-7.7629875926e-01 2.0569686896e-01 5.9585991179e-01
1.7284855756e+00 1.5681928236e+00 -2.0010928411e-01
5.3200000000e+02 0.0000000000e+00 0.0000000000e+00
3.5468175833e-01 -6.1379284311e-01 7.0530787325e-01
5.0914193109e-01 7.5948881803e-01 4.0490891481e-01
-7.8420363702e-01 2.1548800673e-01 5.8188450284e-01
1.8025475807e+00 1.5479624899e+00 -2.3564212241e-01
5.3200000000e+02 0.0000000000e+00 0.0000000000e+00
3.1679247237e-01 -6.2975857654e-01 7.0925782669e-01
5.2428111921e-01 7.3941671852e-01 4.2236503692e-01
-7.9042509923e-01 2.3804842290e-01 5.6441218171e-01
1.7788592470e+00 1.5730800010e+00 -2.6736804835e-01
5.3200000000e+02 0.0000000000e+00 0.0000000000e+00
2.8729599491e-01 -6.4389976527e-01 7.0912206536e-01
5.3574998509e-01 7.2171988961e-01 4.3828341791e-01
-7.9399808865e-01 2.5399506535e-01 5.5231652338e-01
1.7707240517e+00 1.6123323756e+00 -2.8692190642e-01
5.3200000000e+02 0.0000000000e+00 0.0000000000e+00
2.9463984425e-01 -6.4683326468e-01 7.0341601480e-01
5.2287212142e-01 7.2525299303e-01 4.4789824820e-01
-7.9987005621e-01 2.3582795382e-01 5.5189951022e-01
1.8919195758e+00 1.5812670920e+00 -3.1881493713e-01
5.3200000000e+02 0.0000000000e+00 0.0000000000e+00
3.0273175305e-01 -6.2378165171e-01 7.2058999207e-01
4.9888891723e-01 7.4792630089e-01 4.3785396732e-01
-8.1207347817e-01 2.2694206181e-01 5.3761879304e-01
2.0360236742e+00 1.4508566188e+00 -3.8930578758e-01
0 0 0
0 0 0
0 0 0
0 0 0
0 0 0
5.3200000000e+02 0.0000000000e+00 0.0000000000e+00
8.0891666004e-01 -3.7534262581e-01 4.5251712714e-01
8.9097975715e-02 8.3906077094e-01 5.3669225203e-01
-5.8113284870e-01 -3.9382094398e-01 7.1217250456e-01
1.9375084653e+00 1.3521559290e+00 4.7418681844e-02
5.3200000000e+02 0.0000000000e+00 0.0000000000e+00
8.9553526440e-01 -3.2828770912e-01 3.0040600902e-01
1.4519250605e-01 8.5370412948e-01 5.0010838374e-01
-4.2063728603e-01 -4.0424799238e-01 8.1218706851e-01
2.0121310216e+00 1.4211988502e+00 3.0784101536e-01
5.3200000000e+02 0.0000000000e+00 0.0000000000e+00
8.9884719790e-01 -2.9992493987e-01 3.1956023731e-01
1.1644024512e-01 8.6637776112e-01 4.8562459200e-01
-4.2251080949e-01 -3.9929263139e-01 8.1366455643e-01
2.0617940313e+00 1.3503943132e+00 3.0869610975e-01
5.3200000000e+02 0.0000000000e+00 0.0000000000e+00
9.0763723973e-01 -2.7921222743e-01 3.1342490826e-01
1.0860062178e-01 8.7746289965e-01 4.6718814699e-01
-4.0546337198e-01 -3.8999922025e-01 8.2674062570e-01
2.0738547596e+00 1.3104837211e+00 3.6572504136e-01
5.3200000000e+02 0.0000000000e+00 0.0000000000e+00
9.0650531789e-01 -2.9040787831e-01 3.0644962530e-01
1.3697674606e-01 8.8888790389e-01 4.3716777712e-01
-3.9935633170e-01 -3.5431844227e-01 8.4556073809e-01
2.0542955792e+00 1.3202345672e+00 4.2069311006e-01
5.3200000000e+02 0.0000000000e+00 0.0000000000e+00
9.0110933821e-01 -3.1656535665e-01 2.9629096436e-01
1.7081492459e-01 8.8726086698e-01 4.2847452136e-01
-3.9852756759e-01 -3.3549147365e-01 8.5359314019e-01
2.0154063241e+00 1.3693884320e+00 4.4250758398e-01
5.3200000000e+02 0.0000000000e+00 0.0000000000e+00
9.0164909773e-01 -3.1771413053e-01 2.9340524165e-01
1.8020750551e-01 8.9275478908e-01 4.1293358005e-01
-3.9313376798e-01 -3.1944736317e-01 8.6220602099e-01
2.0090461941e+00 1.3653631744e+00 4.7278365904e-01
5.3200000000e+02 0.0000000000e+00 0.0000000000e+00
8.9925652631e-01 -3.0711053195e-01 3.1148165444e-01
1.6315282590e-01 8.9618883737e-01 4.1258541318e-01
-4.0585570747e-01 -3.2020101333e-01 8.5600961197e-01
2.0268160554e+00 1.3332799787e+00 4.4784858241e-01
5.3200000000e+02 0.0000000000e+00 0.0000000000e+00
8.8078008073e-01 -3.2649637694e-01 3.4296729471e-01
1.6756126247e-01 8.9232069845e-01 4.1915032438e-01
-4.4288787826e-01 -3.1171122366e-01 8.4064644193e-01
2.0871302861e+00 1.2974103707e+00 4.2136039326e-01
5.3200000000e+02 0.0000000000e+00 0.0000000000e+00
8.6516520371e-01 -3.3486518645e-01 3.7330212588e-01
1.5142636004e-01 8.8408610533e-01 4.4211063756e-01
-4.7807868366e-01 -3.2597095769e-01 8.1558795171e-01
2.1553591139e+00 1.2894074244e+00 3.6641873528e-01
5.3200000000e+02 0.0000000000e+00 0.0000000000e+00
8.2750603819e-01 -3.9521109009e-01 3.9880064070e-01
1.7337146788e-01 8.5544890895e-01 4.8800563348e-01
-5.3401881135e-01 -3.3468695591e-01 7.7640746433e-01
2.1475565336e+00 1.3560444196e+00 2.9638417739e-01
5.3200000000e+02 0.0000000000e+00 0.0000000000e+00
7.7316241412e-01 -4.7421290690e-01 4.2111993580e-01
2.1655947788e-01 8.2150347105e-01 5.2747894706e-01
-5.9608881380e-01 -3.1662938268e-01 7.3785090640e-01
2.0702390245e+00 1.3944112330e+00 2.4341340245e-01
5.3200000000e+02 0.0000000000e+00 0.0000000000e+00
6.9243295387e-01 -5.5329041770e-01 4.6304029855e-01
2.2802849243e-01 7.7672222647e-01 5.8711633392e-01
-6.8449953327e-01 -3.0095231614e-01 6.6399404543e-01
1.9764819274e+00 1.4339768716e+00 9.5708384830e-02
5.3200000000e+02 0.0000000000e+00 0.0000000000e+00
6.3667439121e-01 -5.9248282978e-01 4.9356845116e-01
2.2213385700e-01 7.5383811036e-01 6.1837258425e-01
-7.3844584713e-01 -2.8406372487e-01 6.1155991617e-01
1.9425271289e+00 1.4476955522e+00 -2.2073455085e-02
5.3200000000e+02 0.0000000000e+00 0.0000000000e+00
5.7068076991e-01 -6.2519852452e-01 5.3240047314e-01
2.2260679571e-01 7.4184809592e-01 6.3254060509e-01
-7.9042373026e-01 -2.4246279615e-01 5.6253188276e-01
1.9304085956e+00 1.4580886824e+00 -1.1903258375e-01
5.3200000000e+02 0.0000000000e+00 0.0000000000e+00
5.4132128236e-01 -6.4295582653e-01 5.4182937757e-01
2.2307238258e-01 7.3113616645e-01 6.4473143109e-01
-8.1068488415e-01 -2.2813967486e-01 5.3920525532e-01
1.9245654830e+00 1.4852320285e+00 -1.7202422269e-01
5.3200000000e+02 0.0000000000e+00 0.0000000000e+00
5.3691249021e-01 -6.4500032059e-01 5.4378264434e-01
2.6054758760e-01 7.3983510383e-01 6.2028942739e-01
-8.0239636867e-01 -1.9135988495e-01 5.6527998548e-01
1.9759116093e+00 1.5039252491e+00 -1.2985318789e-01
5.3200000000e+02 0.0000000000e+00 0.0000000000e+00
5.3668600597e-01 -6.5737308503e-01 5.2898842905e-01
2.5638309437e-01 7.2433036098e-01 6.4001034138e-01
-8.0388795234e-01 -2.0786090357e-01 5.5727731414e-01
2.0148929964e+00 1.5195393440e+00 -1.4082103630e-01
5.3200000000e+02 0.0000000000e+00 0.0000000000e+00
5.3993704214e-01 -6.5621265441e-01 5.2711757958e-01
2.9848298299e-01 7.3482557983e-01 6.0904784385e-01
-7.8700438333e-01 -1.7151186379e-01 5.9262786063e-01
2.0459492258e+00 1.5275382258e+00 -2.8445132633e-02
5.3200000000e+02 0.0000000000e+00 0.0000000000e+00
5.2185369141e-01 -6.7670902566e-01 5.1935885411e-01
3.6787954620e-01 7.2784398012e-01 5.7871217379e-01
-7.6963196675e-01 -1.1094158459e-01 6.2877547707e-01
2.0436519644e+00 1.5771629849e+00 8.1684425012e-02
5.3200000000e+02 0.0000000000e+00 0.0000000000e+00
4.4003688748e-01 -6.8516976147e-01 5.8043943321e-01
3.9089050984e-01 7.2808340688e-01 5.6311558489e-01
-8.0843809100e-01 -2.0903363285e-02 5.8820991357e-01
2.0309752383e+00 1.5312510472e+00 -1.2991258919e-02
0 0 0
0 0 0
0 0 0
0 0 0
0 0 0
5.3200000000e+02 0.0000000000e+00 0.0000000000e+00
1.9930379736e-01 -7.0695201761e-01 6.7859917562e-01
3.8350531529e-01 6.9352866050e-01 6.0987020768e-01
-9.0177695108e-01 1.3869694252e-01 4.0934275202e-01
1.8427861301e+00 1.4981572626e+00 -4.3481378390e-01
5.3200000000e+02 0.0000000000e+00 0.0000000000e+00
1.4452811999e-01 -7.2431165495e-01 6.7415446972e-01
3.7284571302e-01 6.7095461845e-01 6.4094147491e-01
-9.1656843542e-01 1.5872153756e-01 3.6702830504e-01
1.7712659423e+00 1.5134519575e+00 -5.3718565800e-01
5.3200000000e+02 0.0000000000e+00 0.0000000000e+00
9.7510778466e-02 -7.5223231375e-01 6.5164268908e-01
3.8516503407e-01 6.3226445499e-01 6.7222730939e-01
-9.1768161397e-01 1.8544057030e-01 3.5138618396e-01
1.7008394833e+00 1.5621199652e+00 -5.8838748015e-01
5.3200000000e+02 0.0000000000e+00 0.0000000000e+00
4.0038991811e-02 -7.6918365540e-01 6.3777220338e-01
4.0632554370e-01 5.9565947246e-01 6.9288479952e-01
-9.1285071708e-01 2.3140072848e-01 3.3638857173e-01
1.6399887084e+00 1.6155811373e+00 -6.3164350935e-01
5.3200000000e+02 0.0000000000e+00 0.0000000000e+00
1.2418105069e-02 -7.7843777011e-01 6.2759893940e-01
4.4347367071e-01 5.6682937584e-01 6.9428780925e-01
-8.9620136914e-01 2.6970186643e-01 3.5225560207e-01
1.6314369094e+00 1.6719007019e+00 -5.8794296967e-01
5.3200000000e+02 0.0000000000e+00 0.0000000000e+00
-1.6588089649e-02 -7.8321446666e-01 6.2153031664e-01
4.8477730872e-01 5.3736564002e-01 6.9009356603e-01
-8.7448030065e-01 3.1275112813e-01 3.7077073189e-01
1.6198847366e+00 1.7329727228e+00 -5.4513414818e-01
5.3200000000e+02 0.0000000000e+00 0.0000000000e+00
-5.4222815952e-02 -7.8796230152e-01 6.1333131146e-01
5.1363173240e-01 5.0473174433e-01 6.9385035111e-01
-8.5629570226e-01 3.5264894393e-01 3.7735446552e-01
1.5971411604e+00 1.7771197190e+00 -5.2936212508e-01
5.3200000000e+02 0.0000000000e+00 0.0000000000e+00
-1.2595849270e-01 -7.8607946411e-01 6.0515579334e-01
5.0411485692e-01 4.7466294849e-01 7.2150072513e-01
-8.5440193653e-01 3.9594717000e-01 3.3648650705e-01
1.5149941435e+00 1.8095679417e+00 -6.2606218858e-01
5.3200000000e+02 0.0000000000e+00 0.0000000000e+00
-2.1042105470e-01 -7.7886358028e-01 5.9084219810e-01
4.8242002736e-01 4.4293589809e-01 7.5569749727e-01
-8.5029047798e-01 4.4404877378e-01 2.8253635086e-01
1.4079721077e+00 1.8409309659e+00 -7.6814380492e-01
5.3200000000e+02 0.0000000000e+00 0.0000000000e+00
-2.7795722701e-01 -7.6700792669e-01 5.7830668365e-01
4.6261517926e-01 4.2073118087e-01 7.8036688126e-01
-8.4185923756e-01 4.8444206449e-01 2.3788423715e-01
1.3280845228e+00 1.8542019678e+00 -8.8763931656e-01
5.3200000000e+02 0.0000000000e+00 0.0000000000e+00
-3.8334467551e-01 -7.1982139549e-01 5.7870892368e-01
4.2972643742e-01 4.1561935945e-01 8.0162069399e-01
-8.1754635877e-01 5.5598354889e-01 1.5000081538e-01
1.1663535901e+00 1.8440215794e+00 -1.1144129860e+00
5.3200000000e+02 0.0000000000e+00 0.0000000000e+00
-4.4773911778e-01 -7.0519280490e-01 5.4975702845e-01
3.9414320404e-01 3.9622304141e-01 8.2925173269e-01
-8.0260875719e-01 5.8797143585e-01 1.0054239658e-01
1.0258851536e+00 1.8474142854e+00 -1.2357432534e+00
5.3200000000e+02 0.0000000000e+00 0.0000000000e+00
-4.5837854389e-01 -7.2810104725e-01 5.0966457155e-01
3.7985098335e-01 3.5794724765e-01 8.5298710327e-01
-8.0349383380e-01 5.8458757503e-01 1.1249456061e-01
9.8002319079e-01 1.9020604638e+00 -1.1951713100e+00
5.3200000000e+02 0.0000000000e+00 0.0000000000e+00
-4.7946643712e-01 -7.2755188707e-01 4.9069357780e-01
3.2466290898e-01 3.7242076650e-01 8.6942323883e-01
-8.1529499643e-01 5.7616926705e-01 5.7645854071e-02
9.2448920681e-01 1.8603726038e+00 -1.3353691428e+00
5.3200000000e+02 0.0000000000e+00 0.0000000000e+00
-4.8164501401e-01 -7.2852365952e-01 4.8710507901e-01
3.2168923852e-01 3.7005057828e-01 8.7153806763e-01
-8.1518961861e-01 5.7646842674e-01 5.6125205317e-02
9.5284566012e-01 1.8992476538e+00 -1.3208710078e+00
5.3200000000e+02 0.0000000000e+00 0.0000000000e+00
-4.8599544292e-01 -7.3347725201e-01 4.7520474560e-01
3.1879536020e-01 3.5749110260e-01 8.7782095548e-01
-8.1374317065e-01 5.7811005211e-01 6.0090098001e-02
9.8299861117e-01 1.9311484393e+00 -1.2926488632e+00
5.3200000000e+02 0.0000000000e+00 0.0000000000e+00
-4.9759331225e-01 -7.4630966768e-01 4.4206648316e-01
2.9919127907e-01 3.3069262618e-01 8.9505696216e-01
-8.1417779025e-01 5.7763679499e-01 5.8738904863e-02
9.6964240947e-01 1.9456069320e+00 -1.2817776089e+00
5.3200000000e+02 0.0000000000e+00 0.0000000000e+00
-5.1473898270e-01 -7.5180893936e-01 4.1210083523e-01
2.7680648151e-01 3.0919486482e-01 9.0982234934e-01
-8.1143203750e-01 5.8239321276e-01 4.8950937097e-02
9.2976518933e-01 1.9704682466e+00 -1.2846360475e+00
5.3200000000e+02 0.0000000000e+00 0.0000000000e+00
-5.2228661047e-01 -7.6776445294e-01 3.7115285439e-01
1.2052454386e-01 3.6440505868e-01 9.2340824533e-01
-8.4421000400e-01 5.2701679101e-01 -9.7789422457e-02
8.7018537222e-01 1.7582616525e+00 -1.5885361328e+00
5.3200000000e+02 0.0000000000e+00 0.0000000000e+00
-5.6799336053e-01 -7.4699269605e-01 3.4552200283e-01
9.2193311326e-02 3.5942691789e-01 9.2860792805e-01
-8.1785324829e-01 5.5929795524e-01 -1.3528437277e-01
8.2058819617e-01 1.5910164343e+00 -1.6836836828e+00
5.3200000000e+02 0.0000000000e+00 0.0000000000e+00
-5.6909960387e-01 -7.5984383631e-01 3.1426578767e-01
4.3441247890e-03 3.7940990477e-01 9.2521848919e-01
-8.2225711883e-01 5.2790668549e-01 -2.1262117006e-01
7.6991108340e-01 1.4716971725e+00 -1.8113293179e+00
5.3200000000e+02 0.0000000000e+00 0.0000000000e+00
-5.8890489563e-01 -7.5240785511e-01 2.9508209616e-01
-2.7254248787e-03 3.6695591764e-01 9.3023433960e-01
-8.0819774558e-01 5.4701533259e-01 -2.1815276746e-01
7.2992099481e-01 1.4383643006e+00 -1.8384731343e+00
5.3200000000e+02 0.0000000000e+00 0.0000000000e+00
-5.7765881716e-01 -7.7080592286e-01 2.6864199271e-01
2.2905070990e-02 3.1366993909e-01 9.4925577535e-01
-8.1595689144e-01 5.5449923228e-01 -1.6353884161e-01
6.9886560673e-01 1.6236426743e+00 -1.7131729343e+00
5.3200000000e+02 0.0000000000e+00 0.0000000000e+00
-5.7172172884e-01 -7.5703784586e-01 3.1627197900e-01
1.4848241613e-01 2.8364975884e-01 9.4736254223e-01
-8.0689976879e-01 5.8858857808e-01 -4.9761922055e-02
8.0438059986e-01 1.9057284885e+00 -1.4501199964e+00
5.3200000000e+02 0.0000000000e+00 0.0000000000e+00
-5.9752760023e-01 -7.4093545136e-01 3.0655411247e-01
2.7218044469e-01 1.7219279970e-01 9.4671402507e-01
-7.5424039436e-01 6.4912579416e-01 9.8778190253e-02
7.2892454956e-01 2.1406799197e+00 -1.1410062794e+00
5.3200000000e+02 0.0000000000e+00 0.0000000000e+00
-6.1641631999e-01 -7.2535488743e-01 3.0641672233e-01
3.0815500404e-01 1.3588461140e-01 9.4158157685e-01
-7.2461811593e-01 6.7483009689e-01 1.3976024617e-01
6.9954494303e-01 2.2085741625e+00 -1.0605603638e+00
5.3200000000e+02 0.0000000000e+00 0.0000000000e+00
-5.9220864547e-01 -7.4803829718e-01 2.9954569966e-01
3.1989274117e-01 1.2293902605e-01 9.3944378758e-01
-7.3956578773e-01 6.5216922791e-01 1.6648646729e-01
7.3817928028e-01 2.2407033808e+00 -1.0168326450e+00
5.3200000000e+02 0.0000000000e+00 0.0000000000e+00
-5.9124835330e-01 -7.5731874891e-01 2.7729712811e-01
2.9151873554e-01 1.1989785626e-01 9.4902124892e-01
-7.5195891613e-01 6.4194455883e-01 1.4988319401e-01
7.3942723792e-01 2.2202450495e+00 -1.0728294608e+00
5.3200000000e+02 0.0000000000e+00 0.0000000000e+00
-5.7615556877e-01 -7.7557034286e-01 2.5794457516e-01
2.8625984755e-01 1.0412490393e-01 9.5247745593e-01
-7.6557172117e-01 6.2261436513e-01 1.6202250487e-01
7.9015764931e-01 2.2116019416e+00 -1.0456391957e+00
5.3200000000e+02 0.0000000000e+00 0.0000000000e+00
-5.7377726358e-01 -7.9252817965e-01 2.0658832556e-01
3.0534872798e-01 2.7052953730e-02 9.5185623495e-01
-7.5996171359e-01 6.0923494824e-01 2.2647510178e-01
7.3589970195e-01 2.2674333318e+00 -8.8656465151e-01
5.3200000000e+02 0.0000000000e+00 0.0000000000e+00
-5.7800020972e-01 -7.9518076813e-01 1.8331203877e-01
2.5225309098e-01 3.9530071451e-02 9.6685353159e-01
-7.7606967191e-01 6.0508257242e-01 1.7773841706e-01
7.3677076687e-01 2.2191392891e+00 -1.0219405439e+00
5.3200000000e+02 0.0000000000e+00 0.0000000000e+00
-5.9203518067e-01 -7.9495014142e-01 1.3247119498e-01
1.9893209201e-01 1.5137107443e-02 9.7989636735e-01
-7.8097398652e-01 6.0648589483e-01 1.4917939453e-01
6.3540869251e-01 2.1862072011e+00 -1.0870984383e+00
5.3200000000e+02 0.0000000000e+00 0.0000000000e+00
-6.1083800091e-01 -7.8626671921e-01 9.3067625424e-02
1.4572953673e-01 3.8870135849e-03 9.8931683158e-01
-7.7822865455e-01 6.1787501761e-01 1.1220794913e-01
5.6968634946e-01 2.1328686351e+00 -1.1744733070e+00
5.3200000000e+02 0.0000000000e+00 0.0000000000e+00
-6.2691714015e-01 -7.7733367913e-01 5.2223085657e-02
7.5781847795e-02 5.8701591318e-03 9.9710714207e-01
-7.7539152106e-01 6.2906111986e-01 5.5227679183e-02
5.1358271987e-01 2.0174852435e+00 -1.3238746775e+00
5.3200000000e+02 0.0000000000e+00 0.0000000000e+00
-6.5659679311e-01 -7.5400623475e-01 1.8848056250e-02
7.0972584220e-03 1.8811792773e-02 9.9979785226e-01
-7.5420837982e-01 6.5659783308e-01 -7.0003857079e-03
4.7728467674e-01 1.8513981451e+00 -1.4822631484e+00
5.3200000000e+02 0.0000000000e+00 0.0000000000e+00
-6.8344781549e-01 -7.2998869574e-01 3.9481127005e-03
-2.1201259302e-02 2.5255076091e-02 9.9945619601e-01
-7.2969143486e-01 6.8299244888e-01 -3.2737206210e-02
4.1644897054e-01 1.7801182187e+00 -1.5510539797e+00
5.3200000000e+02 0.0000000000e+00 0.0000000000e+00
-6.9360563323e-01 -7.1918701852e-01 4.1003145409e-02
3.0339923852e-02 2.7704311550e-02 9.9915562359e-01
-7.1971571788e-01 6.9426400131e-01 2.6042128210e-03
4.6361012772e-01 1.8328284228e+00 -1.4643672317e+00
5.3200000000e+02 0.0000000000e+00 0.0000000000e+00
-7.0680115031e-01 -7.0436079334e-01 6.5635407554e-02
1.0871068778e-01 -1.6467949540e-02 9.9393701662e-01
-6.9900938497e-01 7.0965109698e-01 8.8211111963e-02
4.4736151159e-01 2.0051006873e+00 -1.2434588802e+00
5.3200000000e+02 0.0000000000e+00 0.0000000000e+00
-7.4052142073e-01 -6.6235787495e-01 1.1362249306e-01
2.0574369965e-01 -6.2493296152e-02 9.7660847733e-01
-6.3976367160e-01 7.4657660921e-01 1.8255358414e-01
4.7791998650e-01 2.1046887459e+00 -1.0329836815e+00
5.3200000000e+02 0.0000000000e+00 0.0000000000e+00
-7.3606068867e-01 -6.6094502207e-01 1.4617229697e-01
2.6172142382e-01 -7.8729346778e-02 9.6192701712e-01
-6.2427282410e-01 7.4629308436e-01 2.3093304945e-01
4.5423931072e-01 2.2061011963e+00 -8.8269656779e-01
5.3200000000e+02 0.0000000000e+00 0.0000000000e+00
-7.9078982403e-01 -5.9370308032e-01 1.4888957867e-01
2.5809982410e-01 -1.0287222148e-01 9.6062572673e-01
-5.5500985127e-01 7.9808142346e-01 2.3458496652e-01
3.1928048891e-01 2.2188290671e+00 -8.7659190464e-01
5.3200000000e+02 0.0000000000e+00 0.0000000000e+00
-8.3988337070e-01 -5.2584367492e-01 1.3447807693e-01
2.1988614413e-01 -1.0312374668e-01 9.7005957368e-01
-4.9623180798e-01 8.4430677032e-01 2.0223765806e-01
1.4833042938e-01 2.1879249983e+00 -9.6271045387e-01
5.3200000000e+02 0.0000000000e+00 0.0000000000e+00
-8.6066952686e-01 -4.9621424443e-01 1.1410253793e-01
1.7173616542e-01 -7.1946624635e-02 9.8251227610e-01
-4.7932729426e-01 8.6521390813e-01 1.4714019895e-01
4.9152597139e-02 2.0879449893e+00 -1.0873948095e+00
5.3200000000e+02 0.0000000000e+00 0.0000000000e+00
-8.7333942565e-01 -4.7106096518e-01 1.2401538082e-01
1.6725691957e-01 -5.0877820549e-02 9.8459970050e-01
-4.5749685295e-01 8.8063216751e-01 1.2322181254e-01
4.6144280471e-02 2.0547190806e+00 -1.1432256391e+00
5.3200000000e+02 0.0000000000e+00 0.0000000000e+00
-8.7000770565e-01 -4.7679851555e-01 1.2549807838e-01
1.7462771624e-01 -5.9956177836e-02 9.8280741626e-01
-4.6107673204e-01 8.7696546814e-01 1.3542457259e-01
1.0910637900e-01 2.0582593165e+00 -1.1105677338e+00
5.3200000000e+02 0.0000000000e+00 0.0000000000e+00
-8.7157194781e-01 -4.6915748368e-01 1.4231512671e-01
1.9724569279e-01 -6.9803231622e-02 9.7786586275e-01
-4.4883903179e-01 8.8035150046e-01 1.5337783145e-01
1.8604925668e-01 2.0837338633e+00 -1.0826823371e+00
5.3200000000e+02 0.0000000000e+00 0.0000000000e+00
-8.8311637848e-01 -4.4981661523e-01 1.3330594404e-01
1.9693086689e-01 -9.7518720563e-02 9.7555539710e-01
-4.2582120159e-01 8.8778100441e-01 1.7470315532e-01
1.3510162428e-01 2.1217113761e+00 -1.0440713368e+00
5.3200000000e+02 0.0000000000e+00 0.0000000000e+00
-9.1165331413e-01 -3.9871425355e-01 9.9574991120e-02
1.7556244134e-01 -1.5877793799e-01 9.7157984520e-01
-3.7157242098e-01 9.0322561435e-01 2.1474968113e-01
-1.9922200124e-02 2.1912933999e+00 -9.7935806688e-01
5.3200000000e+02 0.0000000000e+00 0.0000000000e+00
-9.6499248691e-01 -2.5164933311e-01 7.3906111762e-02
1.3050049298e-01 -2.1626259432e-01 9.6757434424e-01
-2.2750631100e-01 9.4334675673e-01 2.4153214075e-01
-3.5161926216e-01 2.2263320809e+00 -8.9422871081e-01
5.3200000000e+02 0.0000000000e+00 0.0000000000e+00
-9.8129990272e-01 -1.7719646704e-01 7.5179205785e-02
1.1840361667e-01 -2.4774748341e-01 9.6156214985e-01
-1.5175995676e-01 9.5248233397e-01 2.6409528393e-01
-4.4966600582e-01 2.2451807883e+00 -8.3809202502e-01
5.3200000000e+02 0.0000000000e+00 0.0000000000e+00
-9.9165214210e-01 -1.2465710383e-01 3.2964155222e-02
6.7670158663e-02 -2.8552057192e-01 9.5598051896e-01
-1.0975781836e-01 9.5023081905e-01 2.9157265275e-01
-5.8057093422e-01 2.2790236578e+00 -7.7185639943e-01
0 0 0
0 0 0
0 0 0
0 0 0
0 0 0
5.3200000000e+02 0.0000000000e+00 0.0000000000e+00
-9.8834265433e-01 1.4438197147e-01 -4.8297452756e-02
-9.8659673622e-02 -3.6578235245e-01 9.2545639521e-01
1.1595286297e-01 9.1943304104e-01 3.7576297931e-01
-1.0449582964e+00 2.1986976962e+00 -5.3824568261e-01
5.3200000000e+02 0.0000000000e+00 0.0000000000e+00
-9.6886555578e-01 2.2991191328e-01 -9.1869728188e-02
-1.7930639656e-01 -3.9570032321e-01 9.0070554032e-01
1.7073005294e-01 8.8913540383e-01 4.2460509026e-01
-1.1630460167e+00 2.1414750038e+00 -3.9947061733e-01
0 0 0
0 0 0
0 0 0
0 0 0
0 0 0
5.3200000000e+02 0.0000000000e+00 0.0000000000e+00
-8.8676310928e-01 4.5101319947e-01 -1.0118439567e-01
-3.0893312033e-01 -4.1547238984e-01 8.5553668562e-01
3.4381901517e-01 7.8991758253e-01 5.0775850325e-01
-1.4008564293e+00 1.9674827919e+00 -1.0446330013e-01
5.3200000000e+02 0.0000000000e+00 0.0000000000e+00
-8.3639922028e-01 5.3882908305e-01 -1.0049658491e-01
-3.7319444040e-01 -4.2553269939e-01 8.2440756389e-01
4.0145018865e-01 7.2703861040e-01 5.5700323609e-01
-1.4596927170e+00 1.9175424442e+00 4.9881603772e-02
0 0 0
0 0 0
0 0 0
0 0 0
0 0 0
0 0 0
0 0 0
0 0 0
0 0 0
0 0 0
0 0 0
0 0 0
0 0 0
0 0 0
0 0 0
0 0 0
0 0 0
0 0 0
0 0 0
0 0 0
0 0 0
0 0 0
0 0 0
0 0 0
0 0 0
0 0 0
0 0 0
0 0 0
0 0 0
0 0 0
0 0 0
0 0 0
0 0 0
0 0 0
0 0 0
0 0 0
0 0 0
0 0 0
0 0 0
0 0 0
0 0 0
0 0 0
0 0 0
0 0 0
0 0 0
0 0 0
0 0 0
0 0 0
0 0 0
0 0 0
0 0 0
0 0 0
0 0 0
0 0 0
0 0 0
0 0 0
0 0 0
0 0 0
0 0 0
0 0 0
0 0 0
0 0 0
0 0 0
0 0 0
0 0 0
0 0 0
0 0 0
0 0 0
0 0 0
0 0 0
0 0 0
0 0 0
0 0 0
0 0 0
0 0 0
0 0 0
0 0 0
0 0 0
0 0 0
0 0 0
0 0 0
0 0 0
0 0 0
0 0 0
0 0 0
0 0 0
0 0 0
0 0 0
0 0 0
0 0 0
0 0 0
0 0 0
0 0 0
0 0 0
0 0 0
0 0 0
0 0 0
0 0 0
0 0 0
0 0 0
0 0 0
0 0 0
0 0 0
0 0 0
0 0 0
0 0 0
0 0 0
0 0 0
0 0 0
0 0 0
0 0 0
0 0 0
0 0 0
0 0 0
0 0 0
0 0 0
0 0 0
0 0 0
0 0 0
0 0 0
0 0 0
0 0 0
0 0 0
0 0 0
0 0 0
0 0 0
0 0 0
0 0 0
0 0 0
0 0 0
0 0 0
0 0 0
0 0 0
0 0 0
0 0 0
0 0 0
0 0 0
0 0 0
0 0 0
0 0 0
0 0 0
0 0 0
0 0 0
0 0 0
0 0 0
0 0 0
0 0 0
0 0 0
0 0 0
0 0 0
0 0 0
0 0 0
0 0 0
0 0 0
0 0 0
0 0 0
0 0 0
0 0 0
0 0 0
0 0 0
0 0 0
0 0 0
0 0 0
0 0 0
0 0 0
0 0 0
0 0 0
0 0 0
0 0 0
0 0 0
0 0 0
0 0 0
0 0 0
0 0 0
0 0 0
0 0 0
0 0 0
0 0 0
0 0 0
0 0 0
0 0 0
0 0 0
0 0 0
0 0 0
0 0 0
0 0 0
0 0 0
0 0 0
0 0 0
0 0 0
0 0 0
0 0 0
0 0 0
0 0 0
0 0 0
0 0 0
0 0 0
0 0 0
0 0 0
0 0 0
0 0 0
0 0 0
0 0 0
0 0 0
0 0 0
0 0 0
0 0 0
0 0 0
0 0 0
0 0 0
0 0 0
0 0 0
0 0 0
0 0 0
0 0 0
0 0 0
0 0 0
0 0 0
0 0 0
0 0 0
0 0 0
0 0 0
0 0 0
0 0 0
0 0 0
0 0 0
0 0 0
0 0 0
0 0 0
0 0 0
0 0 0
0 0 0
0 0 0
0 0 0
0 0 0
0 0 0
0 0 0
0 0 0
0 0 0
0 0 0
0 0 0
0 0 0
0 0 0
0 0 0
0 0 0
0 0 0
0 0 0
0 0 0
0 0 0
0 0 0
0 0 0
0 0 0
0 0 0
0 0 0
0 0 0
0 0 0
0 0 0
0 0 0
0 0 0
0 0 0
0 0 0
0 0 0
0 0 0
0 0 0
0 0 0
0 0 0
0 0 0
0 0 0
0 0 0
0 0 0
0 0 0
0 0 0
0 0 0
0 0 0
0 0 0
0 0 0
0 0 0
0 0 0
0 0 0
0 0 0
0 0 0
0 0 0
0 0 0
0 0 0
0 0 0
0 0 0
0 0 0
0 0 0
0 0 0
0 0 0
0 0 0
0 0 0
0 0 0
0 0 0
0 0 0
0 0 0
0 0 0
0 0 0
0 0 0
0 0 0
0 0 0
0 0 0
0 0 0
0 0 0
0 0 0
0 0 0
0 0 0
0 0 0
0 0 0
0 0 0
0 0 0
0 0 0
0 0 0
0 0 0
0 0 0
0 0 0
0 0 0
0 0 0
0 0 0
0 0 0
0 0 0
0 0 0
0 0 0
0 0 0
0 0 0
5.3200000000e+02 0.0000000000e+00 0.0000000000e+00
4.5079677136e-01 -6.9582066478e-01 5.5912062508e-01
5.9382576908e-01 7.0143688688e-01 3.9415384014e-01
-6.6644821772e-01 1.5433695664e-01 7.2940172533e-01
1.3864368218e+00 1.2522310261e+00 7.5270035220e-01
5.3200000000e+02 0.0000000000e+00 0.0000000000e+00
4.6717523703e-01 -6.7359370070e-01 5.7272927661e-01
5.7347528648e-01 7.2387580668e-01 3.8357517164e-01
-6.7295868648e-01 1.4924926425e-01 7.2446619204e-01
1.3464017040e+00 1.2106282636e+00 7.4389981815e-01
5.3200000000e+02 0.0000000000e+00 0.0000000000e+00
4.7305071079e-01 -6.2177830157e-01 6.2419129176e-01
5.3388569316e-01 7.6588421693e-01 3.5831192123e-01
-7.0084883652e-01 1.6374709144e-01 6.9426061273e-01
1.3597361926e+00 1.1290601481e+00 6.6749291560e-01
1.9872871873e-01 -5.1232450554e-01 -1.6683672954e+00
8 10 5
19 5 19 242.2500 -255.2000 14 34 394.2300 -338.4000 0 25 208.3700 -221.5900 1 22 205.6700 -228.9700 2 23 201.8700 -234.6600 3 22 212.4800 -241.8100 4 23 225.2900 -250.3400 6 21 258.1100 -257.7700 7 21 274.6300 -258.0400 8 21 279.1899 -268.3300 9 21 285.2600 -294.6100 10 34 304.2000 -311.3600 13 25 391.4800 -329.3900 11 29 340.2800 -350.3400 15 32 395.7400 -354.2500 12 23 371.8900 -341.6200 18 30 375.7400 -137.5700 16 40 392.7900 -284.1800 17 38 384.0000 -197.5000
2.4349657005e-01 -4.3052385998e-01 -1.6407976862e+00
160 135 84
31 5 28 286.1801 -194.1700 14 27 439.8000 -284.4400 0 34 252.5800 -160.5000 1 29 250.2100 -167.7800 2 31 246.3600 -173.3400 3 28 256.3101 -180.1800 4 31 269.6000 -188.6400 6 26 302.1600 -194.3500 7 29 318.3101 -194.1700 8 32 321.2700 -204.8300 9 34 327.8600 -231.9000 10 39 346.4600 -251.4100 13 29 438.8199 -271.0400 11 34 384.9301 -288.9700 15 25 437.7200 -302.7600 12 27 418.3700 -282.1400 19 19 410.9900 -56.0600 22 23 449.2300 119.1400 23 20 448.3000 163.4100 18 20 411.5300 -93.5400 20 19 420.7800 -7.9000 21 27 446.1899 58.1900 16 17 433.4900 -236.2700 17 23 421.7400 -151.3200 27 29 387.5300 178.2600 25 25 392.0500 124.2000 30 25 390.1400 215.0100 31 26 376.6200 211.6100 33 36 305.3500 202.9600 28 24 392.1300 179.2100 24 33 396.6000 140.8700
1.6891702711e-01 -4.3493620217e-01 -1.6685839505e+00
24 17 9
25 5 49 221.8199 -194.9900 14 37 374.2500 -284.2900 0 49 189.7400 -160.2100 1 44 187.5400 -167.5300 2 48 184.1100 -172.8900 3 48 193.8199 -179.8100 4 54 206.9000 -188.0800 6 53 237.2900 -195.7700 7 55 252.7700 -196.2400 8 40 257.1500 -205.6700 9 56 263.6300 -232.9800 10 60 282.0200 -251.8100 13 40 371.0800 -270.2700 11 44 318.3000 -288.6700 15 35 378.1200 -301.9500 12 39 351.1000 -280.8000 19 29 360.3199 -58.1100 22 30 398.9200 110.1800 23 26 397.7600 151.2800 18 37 359.7100 -94.3700 20 32 370.8900 -12.4700 21 39 396.0300 52.4000 16 44 377.8400 -235.9100 17 43 369.5800 -150.8700 24 39 346.7000 124.8100
3.5064070811e-02 -5.5129884258e-01 -1.6958678933e+00
26 98 24
21 5 45 121.0300 -285.7200 14 72 273.0200 -382.8500 0 63 87.3101 -247.9300 1 56 85.4800 -255.4100 2 56 81.3600 -260.9800 3 44 90.6500 -268.4600 4 66 102.9399 -277.2900 6 49 137.4700 -288.8500 8 51 156.5500 -300.8000 9 54 162.6600 -328.4100 10 58 179.4301 -348.6300 13 78 263.6300 -371.2000 11 62 211.3500 -390.2100 15 61 282.0900 -396.1700 12 49 241.3300 -382.7200 19 54 284.6000 -139.7000 18 72 279.2500 -175.3300 20 77 300.6801 -96.8900 21 88 328.5800 -33.4200 16 90 287.4900 -323.7000 17 89 284.0200 -234.4800
8.3423663100e-02 -5.2827554634e-01 -1.6826396712e+00
23 93 21
20 5 62 160.7300 -267.7400 14 74 313.0100 -364.1500 0 66 126.8700 -231.5900 1 59 124.3199 -238.5800 2 58 121.0000 -244.1700 3 62 130.5800 -251.3700 4 68 143.5100 -260.2900 6 61 177.0300 -270.2600 7 66 193.7700 -271.4800 8 69 195.8300 -281.9600 9 68 202.5699 -309.5500 10 76 219.5900 -329.6900 13 80 305.1100 -352.1300 11 89 253.4399 -370.7200 12 77 283.5100 -363.5900 19 84 313.7400 -123.3200 18 74 310.4301 -159.8700 20 104 326.9900 -79.3100 16 91 323.0100 -308.4300 17 68 317.8700 -220.3500
3.1303676810e-01 -4.2386829365e-01 -1.6257891608e+00
20 15 12
15 5 66 338.1500 -188.9700 14 91 487.5601 -277.2900 0 70 304.3800 -156.3200 1 62 301.5400 -163.4700 2 61 297.9500 -169.1200 3 65 308.5699 -176.2300 4 72 321.9700 -184.3900 6 92 354.2000 -187.3700 7 71 370.1700 -187.4100 8 73 373.7500 -198.7600 9 69 380.0300 -225.4800 10 77 399.5601 -245.2400 13 82 491.1400 -263.9500 11 65 438.5300 -285.5000 12 81 473.0601 -275.5600
1.3327460586e-02 -5.2113068481e-01 -1.6934723330e+00
20 88 15
20 5 188 105.3000 -262.5100 14 179 261.5601 -362.1000 0 162 71.9399 -225.2100 1 164 69.9399 -232.2400 2 161 66.6500 -237.9000 3 177 75.9301 -245.0500 4 192 88.7000 -254.1600 6 175 121.6300 -265.6500 7 190 137.8500 -267.3400 8 198 141.1000 -277.6200 9 193 147.7600 -305.0200 10 208 164.8700 -325.2800 13 148 250.7200 -348.1600 11 195 197.3800 -365.9300 15 146 273.2900 -376.4300 12 143 227.8500 -358.7800 19 114 276.2200 -124.7100 20 102 291.6000 -82.3800 16 144 279.9399 -305.9400 17 114 277.2300 -217.9400
1.4324104139e-01 -4.7693353611e-01 -1.6582265220e+00
24 117 23
