# Bundle file v0.3
200 10199
5.3200000000e+02 0.0000000000e+00 0.0000000000e+00
9.5115403151e-01 5.5860974945e-02 3.0362074998e-01
-9.9364163529e-02 9.8655286138e-01 1.2976985289e-01
-2.9228884916e-01 -1.5360014059e-01 9.4391431045e-01
6.4890437243e-01 4.4544105707e-01 9.2835028022e-01
5.3200000000e+02 0.0000000000e+00 0.0000000000e+00
9.5117114923e-01 5.5224213845e-02 3.0368360356e-01
-1.0107315099e-01 9.8534684979e-01 1.3738924181e-01
-2.9164646923e-01 -1.6137494174e-01 9.4281518081e-01
6.4601217614e-01 4.4940408131e-01 9.2207362280e-01
5.3200000000e+02 0.0000000000e+00 0.0000000000e+00
9.5134653429e-01 5.3734088508e-02 3.0340141633e-01
-1.0166680119e-01 9.8427297283e-01 1.4446652377e-01
-2.9086703704e-01 -1.6828357818e-01 9.4184765439e-01
6.4041387822e-01 4.5445395119e-01 9.1675472439e-01
5.3200000000e+02 0.0000000000e+00 0.0000000000e+00
9.5171069356e-01 5.2031057126e-02 3.0255499476e-01
-9.9399860610e-02 9.8466997676e-01 1.4333424079e-01
-2.9045898758e-01 -1.6648665402e-01 9.4229282634e-01
6.4920158047e-01 4.4494270548e-01 9.2139546855e-01
5.3200000000e+02 0.0000000000e+00 0.0000000000e+00
9.5210872284e-01 5.0336863850e-02 3.0158776505e-01
-9.7942325112e-02 9.8459153501e-01 1.4486825094e-01
-2.8964854711e-01 -1.6746853232e-01 9.4236829841e-01
6.6209656647e-01 4.3736149078e-01 9.2222516629e-01
5.3200000000e+02 0.0000000000e+00 0.0000000000e+00
9.5382338659e-01 3.5686754806e-02 2.9824051154e-01
-8.4103658570e-02 9.8493063469e-01 1.5112319298e-01
-2.8835311999e-01 -1.6922795388e-01 9.4245126018e-01
6.6896734132e-01 4.3883722326e-01 9.2274216139e-01
5.3200000000e+02 0.0000000000e+00 0.0000000000e+00
9.5530339297e-01 2.0171167280e-02 2.9493821621e-01
-6.9244003254e-02 9.8518357507e-01 1.5690312755e-01
-2.8740336704e-01 -1.7031279292e-01 9.4254594434e-01
6.7492749534e-01 4.4541158232e-01 9.2328251035e-01
5.3200000000e+02 0.0000000000e+00 0.0000000000e+00
9.5640665933e-01 1.0893372149e-02 2.9183494724e-01
-6.0191972828e-02 9.8520084619e-01 1.6048744208e-01
-2.8576778754e-01 -1.7105737956e-01 9.4290834364e-01
6.8428895615e-01 4.5021445142e-01 9.2417609605e-01
5.3200000000e+02 0.0000000000e+00 0.0000000000e+00
9.5591580865e-01 1.5780322924e-02 2.9321655509e-01
-6.4837204979e-02 9.8525169283e-01 1.5835162970e-01
-2.8639326742e-01 -1.7038216804e-01 9.4284082071e-01
6.9243013979e-01 4.3592460908e-01 9.2682577376e-01
5.3200000000e+02 0.0000000000e+00 0.0000000000e+00
9.5581234913e-01 1.3320884902e-02 2.9367551358e-01
-6.1784732447e-02 9.8576348860e-01 1.5637452278e-01
-2.8741155176e-01 -1.6760936300e-01 9.4302794304e-01
6.9948334500e-01 3.9957194949e-01 9.2861502137e-01
5.3200000000e+02 0.0000000000e+00 0.0000000000e+00
9.5528870289e-01 1.3740637465e-02 2.9535519128e-01
-6.0262156834e-02 9.8700034024e-01 1.4899262001e-01
-2.8946842071e-01 -1.6012970757e-01 9.4369831523e-01
7.2050941586e-01 3.6813386677e-01 9.4004380046e-01
5.3200000000e+02 0.0000000000e+00 0.0000000000e+00
9.5636244657e-01 1.1602847023e-02 2.9195247000e-01
-5.0808027456e-02 9.9059214820e-01 1.2706588948e-01
-2.8773149835e-01 -1.3635457405e-01 9.4795464817e-01
7.4344836170e-01 2.9682473875e-01 9.7549522330e-01
5.3200000000e+02 0.0000000000e+00 0.0000000000e+00
9.6084286689e-01 9.6378097241e-03 2.7692615942e-01
-3.5195527929e-02 9.9554528905e-01 8.7469150404e-02
-2.7484952240e-01 -9.3790671617e-02 9.5690179745e-01
7.4886149148e-01 2.4204444479e-01 1.0122719724e+00
5.3200000000e+02 0.0000000000e+00 0.0000000000e+00
9.6257568888e-01 7.3627260373e-03 2.7091296286e-01
-1.8234741987e-02 9.9912513649e-01 3.7635831689e-02
-2.7039884867e-01 -4.1167364593e-02 9.6186782394e-01
7.6308798905e-01 1.6753191963e-01 1.0389837996e+00
5.3200000000e+02 0.0000000000e+00 0.0000000000e+00
9.5888928630e-01 2.9717962162e-03 2.8376487634e-01
-9.6079939185e-03 9.9971186100e-01 2.1997304902e-02
-2.8361774111e-01 -2.3819391205e-02 9.5864154590e-01
8.0805989446e-01 1.0767425828e-01 1.0137766933e+00
5.3200000000e+02 0.0000000000e+00 0.0000000000e+00
9.5712268716e-01 -2.2883213368e-02 2.8877763118e-01
1.7269938517e-02 9.9960942888e-01 2.1971320492e-02
-2.8916761739e-01 -1.6042077375e-02 9.5714405437e-01
8.4468448071e-01 5.5765287605e-02 9.6680566128e-01
5.3200000000e+02 0.0000000000e+00 0.0000000000e+00
9.5576622088e-01 -3.2343053056e-02 2.9234373252e-01
3.0899598163e-02 9.9947682170e-01 9.5549840773e-03
-2.9249982198e-01 -9.9027161668e-05 9.5626557207e-01
8.7860137301e-01 9.6443560276e-02 9.2645378986e-01
5.3200000000e+02 0.0000000000e+00 0.0000000000e+00
9.5219240793e-01 -4.1591564822e-02 3.0265452253e-01
5.1474181163e-02 9.9836767661e-01 -2.4746534454e-02
-3.0113124538e-01 3.9142355953e-02 9.5277901374e-01
9.0831818425e-01 1.4048048907e-01 9.0053912985e-01
5.3200000000e+02 0.0000000000e+00 0.0000000000e+00
9.4558354105e-01 -2.8184006387e-02 3.2415648795e-01
3.0442583802e-02 9.9953471589e-01 -1.8975815585e-03
-3.2395218164e-01 1.1662482939e-02 9.4600157003e-01
9.5336907634e-01 2.5892094402e-01 8.5911135129e-01
5.3200000000e+02 0.0000000000e+00 0.0000000000e+00
9.4288640782e-01 -5.6814851837e-02 3.2823359754e-01
6.8843253779e-02 9.9731086865e-01 -2.5132402904e-02
-3.2592304053e-01 4.6293669948e-02 9.4426218169e-01
9.6161261686e-01 2.6317202114e-01 8.5098128538e-01
5.3200000000e+02 0.0000000000e+00 0.0000000000e+00
9.4092242016e-01 -1.1832608846e-01 3.1727580435e-01
1.4058797427e-01 9.8889770849e-01 -4.8128407677e-02
-3.0805846965e-01 8.9890260447e-02 9.4711125025e-01
9.4488871626e-01 2.8081291803e-01 8.5813163722e-01
5.3200000000e+02 0.0000000000e+00 0.0000000000e+00
9.5164825340e-01 -1.4295971104e-01 2.7189726519e-01
1.8755503612e-01 9.7138700018e-01 -1.4570656922e-01
-2.4328729976e-01 1.8965710350e-01 9.5123155586e-01
9.0519650766e-01 2.0341218360e-01 8.8236095087e-01
5.3200000000e+02 0.0000000000e+00 0.0000000000e+00
9.5296775178e-01 -1.7187500382e-01 2.4962260943e-01
2.3105616474e-01 9.4502144779e-01 -2.3140335336e-01
-1.9612626752e-01 2.7819677618e-01 9.4028774368e-01
8.5924741217e-01 1.3600950680e-01 8.9734292377e-01
5.3200000000e+02 0.0000000000e+00 0.0000000000e+00
9.4407397386e-01 -2.1346326413e-01 2.5131209033e-01
2.7842400962e-01 9.2438486984e-01 -2.6075406666e-01
-1.7664767971e-01 3.1614244777e-01 9.3212099535e-01
8.6016763436e-01 1.4302474893e-01 8.8077293772e-01
0 0 0
0 0 0
0 0 0
0 0 0
0 0 0
5.3200000000e+02 0.0000000000e+00 0.0000000000e+00
8.5975398896e-01 -3.0022123464e-01 4.1314681258e-01
3.6779363692e-01 9.2524237019e-01 -9.3029011873e-02
-3.5433165131e-01 2.3193483283e-01 9.0590027829e-01
1.0189555379e+00 3.4248683977e-01 8.3420457602e-01
0 0 0
0 0 0
0 0 0
0 0 0
0 0 0
5.3200000000e+02 0.0000000000e+00 0.0000000000e+00
8.2376182090e-01 -3.4655241620e-01 4.4868461669e-01
4.0865232626e-01 9.1151848455e-01 -4.6231251068e-02
-3.9296277008e-01 2.2143955193e-01 8.9249357767e-01
1.0662012936e+00 4.9297086187e-01 8.0889119556e-01
5.3200000000e+02 0.0000000000e+00 0.0000000000e+00
8.0236985112e-01 -3.7576383640e-01 4.6368541196e-01
4.2167152276e-01 9.0673411261e-01 5.1357488266e-03
-4.2236920923e-01 1.9140216372e-01 8.8598502404e-01
1.1130896042e+00 5.8732091597e-01 7.6444331289e-01
5.3200000000e+02 0.0000000000e+00 0.0000000000e+00
7.8725878305e-01 -3.9556779137e-01 4.7302191381e-01
4.3229197110e-01 9.0108978577e-01 3.4071244539e-02
-4.3971270193e-01 1.7766068898e-01 8.8039162840e-01
1.1472905192e+00 6.8132055588e-01 7.2777212121e-01
5.3200000000e+02 0.0000000000e+00 0.0000000000e+00
7.6346571061e-01 -4.1809219185e-01 4.9225910641e-01
4.4918480451e-01 8.9139286018e-01 6.0429961278e-02
-4.6406154777e-01 1.7497910715e-01 8.6834854289e-01
1.1883316612e+00 7.4847026312e-01 6.8567183310e-01
5.3200000000e+02 0.0000000000e+00 0.0000000000e+00
7.4666390060e-01 -4.2539258636e-01 5.1140411321e-01
4.4358561664e-01 8.9131415873e-01 9.3759645705e-02
-4.9570638512e-01 1.5684456613e-01 8.5421013915e-01
1.2107123998e+00 8.0479709567e-01 6.4083571274e-01
5.3200000000e+02 0.0000000000e+00 0.0000000000e+00
7.1016559418e-01 -4.4279017148e-01 5.4735883375e-01
4.5292578323e-01 8.8255594184e-01 1.2630615347e-01
-5.3900191440e-01 1.5821464396e-01 8.2731195006e-01
1.2218630928e+00 8.3569949585e-01 5.8434917426e-01
5.3200000000e+02 0.0000000000e+00 0.0000000000e+00
6.6917745885e-01 -4.6766966432e-01 5.7748299857e-01
4.7521077007e-01 8.6676940124e-01 1.5127963872e-01
-5.7129349075e-01 1.7319321624e-01 8.0226420665e-01
1.2138068749e+00 8.8202829128e-01 5.3296930403e-01
5.3200000000e+02 0.0000000000e+00 0.0000000000e+00
6.4227840157e-01 -4.8201672127e-01 5.9593484149e-01
4.9892490048e-01 8.5315101027e-01 1.5233941501e-01
-5.8185255741e-01 1.9948241551e-01 7.8845061185e-01
1.2128255509e+00 9.0820023731e-01 5.0798794829e-01
5.3200000000e+02 0.0000000000e+00 0.0000000000e+00
6.1795744726e-01 -4.9977680501e-01 6.0691987819e-01
5.2157452586e-01 8.3822394010e-01 1.5918743738e-01
-5.8829296048e-01 2.1818288526e-01 7.7865757637e-01
1.2234177414e+00 9.5005887811e-01 4.7187792704e-01
5.3200000000e+02 0.0000000000e+00 0.0000000000e+00
6.0901428048e-01 -5.0471172282e-01 6.1185593322e-01
5.2619906800e-01 8.3430775068e-01 1.6445399963e-01
-5.9347800886e-01 2.2180318755e-01 7.7368417264e-01
1.2978172301e+00 9.9057956650e-01 4.3347851256e-01
0 0 0
0 0 0
0 0 0
0 0 0
0 0 0
5.3200000000e+02 0.0000000000e+00 0.0000000000e+00
5.7043325994e-01 -5.3717901639e-01 6.2132487500e-01
4.4781810427e-01 8.3755485733e-01 3.1298691100e-01
-6.8852366803e-01 9.9702383693e-02 7.1832763642e-01
1.4222116877e+00 1.1470294630e+00 2.5771740939e-01
5.3200000000e+02 0.0000000000e+00 0.0000000000e+00
5.5190271233e-01 -5.5640127933e-01 6.2114492067e-01
4.1715128983e-01 8.2917341548e-01 3.7209709546e-01
-7.2207215533e-01 5.3750008595e-02 6.8972656834e-01
1.4614104109e+00 1.2057332326e+00 1.6268062656e-01
5.3200000000e+02 0.0000000000e+00 0.0000000000e+00
5.3065321317e-01 -5.7052439115e-01 6.2682460582e-01
4.1112454963e-01 8.1997132920e-01 3.9827581394e-01
-7.4120427147e-01 4.6356643372e-02 6.6967700391e-01
1.5120515869e+00 1.2627207262e+00 9.6534260551e-02
5.3200000000e+02 0.0000000000e+00 0.0000000000e+00
5.2018231257e-01 -5.7821758144e-01 6.2854975157e-01
4.1112837482e-01 8.1460774370e-01 4.0913039893e-01
-7.4858788469e-01 4.5592240804e-02 6.6146619450e-01
1.5816701328e+00 1.3081558815e+00 6.6903776571e-02
5.3200000000e+02 0.0000000000e+00 0.0000000000e+00
5.0447278872e-01 -5.9121804365e-01 6.2926022463e-01
4.2421397342e-01 8.0448059422e-01 4.1575651320e-01
-7.5203039180e-01 5.7203132566e-02 6.5664152430e-01
1.6350155935e+00 1.3714511659e+00 5.5723551547e-02
5.3200000000e+02 0.0000000000e+00 0.0000000000e+00
4.8913155004e-01 -5.9415793322e-01 6.3853478930e-01
4.4465109165e-01 7.9967657101e-01 4.0348827550e-01
-7.5035707063e-01 8.6566345501e-02 6.5534001433e-01
1.6885280139e+00 1.4149399118e+00 4.8535772410e-02
5.3200000000e+02 0.0000000000e+00 0.0000000000e+00
4.5568943342e-01 -6.0180341995e-01 6.5588092213e-01
4.6808702049e-01 7.8873431870e-01 3.9848803715e-01
-7.5712725583e-01 1.2542255876e-01 6.4111426457e-01
1.7171546016e+00 1.4475150345e+00 1.3195732448e-02
5.3200000000e+02 0.0000000000e+00 0.0000000000e+00
4.0951650588e-01 -6.1304808853e-01 6.7562435759e-01
5.0347461309e-01 7.6945059415e-01 3.9301284601e-01
-7.6079533739e-01 1.7921446456e-01 6.2375686794e-01
1.7099704298e+00 1.4923358907e+00 -3.1565789364e-02
5.3200000000e+02 0.0000000000e+00 0.0000000000e+00
3.6161860839e-01 -6.2721854331e-01 6.8980350897e-01
5.2113859140e-01 7.4948005529e-01 4.0828202909e-01
-7.7307603159e-01 2.1184084982e-01 5.9789372277e-01
1.6932216295e+00 1.5312912371e+00 -9.7092993830e-02
5.3200000000e+02 0.0000000000e+00 0.0000000000e+00
3.4956241837e-01 -6.2308783322e-01 6.9969112310e-01
5.1827356432e-01 7.5073677720e-01 4.0961787544e-01
-7.8051177325e-01 2.1944439715e-01 5.8535931561e-01
1.7610422012e+00 1.5125770860e+00 -1.2902983463e-01
5.3200000000e+02 0.0000000000e+00 0.0000000000e+00
3.1212523544e-01 -6.3809561623e-01 7.0385497224e-01
5.3230129762e-01 7.3111622618e-01 4.2676034535e-01
-7.8691369664e-01 2.4146024179e-01 5.6785894876e-01
1.7395596074e+00 1.5381149135e+00 -1.6173188029e-01
5.3200000000e+02 0.0000000000e+00 0.0000000000e+00
2.8315163252e-01 -6.5230523602e-01 7.0308109921e-01
5.4418279377e-01 7.1292132352e-01 4.4227624110e-01
-7.8974061562e-01 2.5737339712e-01 5.5683812234e-01
1.7299848960e+00 1.5759584887e+00 -1.7824523953e-01
0 0 0
0 0 0
0 0 0
0 0 0
0 0 0
0 0 0
0 0 0
0 0 0
0 0 0
0 0 0
0 0 0
0 0 0
0 0 0
0 0 0
0 0 0
0 0 0
0 0 0
0 0 0
0 0 0
0 0 0
0 0 0
0 0 0
0 0 0
0 0 0
0 0 0
0 0 0
0 0 0
0 0 0
0 0 0
0 0 0
5.3200000000e+02 0.0000000000e+00 0.0000000000e+00
9.1429811835e-01 -2.6272915309e-01 3.0827316279e-01
9.4473186775e-02 8.7842382601e-01 4.6845106349e-01
-3.9387024228e-01 -3.9918037781e-01 8.2796211158e-01
1.9753820622e+00 1.2774368652e+00 4.6065838271e-01
5.3200000000e+02 0.0000000000e+00 0.0000000000e+00
9.1314786703e-01 -2.7669393047e-01 2.9933499926e-01
1.2440648521e-01 8.8846868303e-01 4.4175380667e-01
-3.8818036965e-01 -3.6614733115e-01 8.4572580220e-01
1.9520233749e+00 1.2905520185e+00 5.1186350040e-01
5.3200000000e+02 0.0000000000e+00 0.0000000000e+00
9.0792558148e-01 -3.0344073572e-01 2.8912775447e-01
1.5871659022e-01 8.8736525261e-01 4.3288792135e-01
-3.8791775222e-01 -3.4714064638e-01 8.5382269187e-01
1.9142356413e+00 1.3356383333e+00 5.3300590409e-01
5.3200000000e+02 0.0000000000e+00 0.0000000000e+00
9.0837566478e-01 -3.0461282603e-01 2.8646933144e-01
1.6789321707e-01 8.9312123146e-01 4.1730843938e-01
-3.8296934512e-01 -3.3097657339e-01 8.6243201968e-01
1.9085577384e+00 1.3294375806e+00 5.6195603145e-01
5.3200000000e+02 0.0000000000e+00 0.0000000000e+00
9.0590078036e-01 -2.9381577935e-01 3.0498535040e-01
1.5073816449e-01 8.9671945324e-01 4.1613967361e-01
-3.9575469917e-01 -3.3100832315e-01 8.5662810372e-01
1.9278733902e+00 1.2974072257e+00 5.3953552618e-01
5.3200000000e+02 0.0000000000e+00 0.0000000000e+00
8.8897662401e-01 -3.1252048663e-01 3.3474095566e-01
1.5509960272e-01 8.9321828769e-01 4.2202512221e-01
-4.3088823980e-01 -3.2325227915e-01 8.4252198121e-01
1.9831112417e+00 1.2637800053e+00 5.1651850137e-01
5.3200000000e+02 0.0000000000e+00 0.0000000000e+00
8.7564223156e-01 -3.1867234674e-01 3.6290304178e-01
1.3796664040e-01 8.8515373652e-01 4.4437379408e-01
-4.6283462321e-01 -3.3904394723e-01 8.1904414619e-01
2.0452438130e+00 1.2576476937e+00 4.6673969203e-01
5.3200000000e+02 0.0000000000e+00 0.0000000000e+00
8.4054437025e-01 -3.8318421350e-01 3.8295563733e-01
1.7080559894e-01 8.5829049394e-01 4.8390378733e-01
-5.1411147528e-01 -3.4133163718e-01 7.8688125181e-01
2.0259582088e+00 1.3161565634e+00 4.1776579183e-01
0 0 0
0 0 0
0 0 0
0 0 0
0 0 0
0 0 0
0 0 0
0 0 0
0 0 0
0 0 0
5.3200000000e+02 0.0000000000e+00 0.0000000000e+00
6.6108940629e-01 -5.7759366156e-01 4.7890119964e-01
2.1625904615e-01 7.5786914947e-01 6.1552122404e-01
-7.1846560241e-01 -3.0334784393e-01 6.2592912038e-01
1.8562835837e+00 1.4265907312e+00 9.8710085623e-02
0 0 0
0 0 0
0 0 0
0 0 0
0 0 0
0 0 0
0 0 0
0 0 0
0 0 0
0 0 0
5.3200000000e+02 0.0000000000e+00 0.0000000000e+00
5.6683652637e-01 -6.3270592395e-01 5.2761687441e-01
2.6201475274e-01 7.4564451404e-01 6.1266836709e-01
-7.8105353319e-01 -2.0903940413e-01 5.8843683247e-01
1.8880962194e+00 1.4726163898e+00 1.5617939547e-02
5.3200000000e+02 0.0000000000e+00 0.0000000000e+00
5.6480867264e-01 -6.4820596007e-01 5.1070558705e-01
2.6167020098e-01 7.2761225752e-01 6.3412073663e-01
-7.8263648600e-01 -2.2452045794e-01 5.8057789722e-01
1.9129675685e+00 1.4966119335e+00 8.1763312326e-03
5.3200000000e+02 0.0000000000e+00 0.0000000000e+00
5.6694409728e-01 -6.4881599551e-01 5.0755511477e-01
3.0266801323e-01 7.3712046017e-01 6.0418995438e-01
-7.6613736649e-01 -1.8892123008e-01 6.1428194219e-01
1.9382806271e+00 1.5020754648e+00 1.1053098281e-01
5.3200000000e+02 0.0000000000e+00 0.0000000000e+00
5.5828550877e-01 -6.6343863617e-01 4.9816309250e-01
3.6629489186e-01 7.3586496914e-01 5.6950048234e-01
-7.4440939200e-01 -1.3546927043e-01 6.5383693218e-01
1.9348744230e+00 1.5307713442e+00 2.2715746351e-01
0 0 0
0 0 0
0 0 0
0 0 0
0 0 0
0 0 0
0 0 0
0 0 0
0 0 0
0 0 0
5.3200000000e+02 0.0000000000e+00 0.0000000000e+00
2.2941666593e-01 -7.0141601460e-01 6.7482113768e-01
3.7193764728e-01 7.0387254128e-01 6.0516595423e-01
-8.9946116088e-01 1.1215623073e-01 4.2236311389e-01
1.8039857517e+00 1.4713270006e+00 -3.3169251240e-01
5.3200000000e+02 0.0000000000e+00 0.0000000000e+00
1.9591935998e-01 -7.1775893553e-01 6.6815994706e-01
3.6710649765e-01 6.8550204999e-01 6.2874458951e-01
-9.0931206072e-01 1.2210262046e-01 3.9779709188e-01
1.7431246832e+00 1.4758477233e+00 -3.7804197291e-01
5.3200000000e+02 0.0000000000e+00 0.0000000000e+00
1.4841044543e-01 -7.4843594834e-01 6.4638840562e-01
3.8115821100e-01 6.4641754363e-01 6.6095595729e-01
-9.1252000410e-01 1.4828348027e-01 3.8120762270e-01
1.6743603349e+00 1.5300059936e+00 -4.2978974293e-01
5.3200000000e+02 0.0000000000e+00 0.0000000000e+00
9.3552772223e-02 -7.6840544828e-01 6.3308841868e-01
4.0515130252e-01 6.1022829471e-01 6.8078913799e-01
-9.0945054889e-01 1.9280688628e-01 3.6840901689e-01
1.6167157252e+00 1.5831396091e+00 -4.6509084585e-01
5.3200000000e+02 0.0000000000e+00 0.0000000000e+00
6.8527746013e-02 -7.8078251175e-01 6.2103350744e-01
4.4541634527e-01 5.8095516665e-01 6.8124545775e-01
-8.9269716444e-01 2.2993425947e-01 3.8758484094e-01
1.6027405919e+00 1.6358468184e+00 -4.1061456069e-01
5.3200000000e+02 0.0000000000e+00 0.0000000000e+00
4.3399029053e-02 -7.8733359231e-01 6.1499783634e-01
4.8771174982e-01 5.5394039515e-01 6.7474979637e-01
-8.7192532557e-01 2.7065818488e-01 4.0803231930e-01
1.5916753597e+00 1.6865302730e+00 -3.6207982860e-01
5.3200000000e+02 0.0000000000e+00 0.0000000000e+00
6.9285086510e-03 -7.9509211121e-01 6.0644911613e-01
5.1780335872e-01 5.2167752165e-01 6.7803557805e-01
-8.5547161114e-01 3.0932361386e-01 4.1531581290e-01
1.5674154050e+00 1.7279072143e+00 -3.4463342993e-01
5.3200000000e+02 0.0000000000e+00 0.0000000000e+00
-6.4187982235e-02 -7.9842294311e-01 5.9866577223e-01
5.0951050442e-01 4.8960055114e-01 7.0759476129e-01
-8.5806698388e-01 3.5044557956e-01 3.7537840501e-01
1.4902942141e+00 1.7678535993e+00 -4.3824446473e-01
5.3200000000e+02 0.0000000000e+00 0.0000000000e+00
-1.4464082004e-01 -7.9685539062e-01 5.8660081795e-01
4.8874860048e-01 4.5793085826e-01 7.4257937931e-01
-8.6035099739e-01 3.9410761918e-01 3.2322646209e-01
1.3951409662e+00 1.8041243969e+00 -5.7401746108e-01
5.3200000000e+02 0.0000000000e+00 0.0000000000e+00
-2.1072844004e-01 -7.9043613650e-01 5.7515583859e-01
4.6848453164e-01 4.3473851005e-01 7.6910641103e-01
-8.5797189241e-01 4.3152420789e-01 2.7869533515e-01
1.3215061648e+00 1.8246659903e+00 -6.9123318125e-01
5.3200000000e+02 0.0000000000e+00 0.0000000000e+00
-3.1540384457e-01 -7.5229788236e-01 5.7841880244e-01
4.3287782244e-01 4.2836086892e-01 7.9317321993e-01
-8.4447451451e-01 5.0055455464e-01 1.9054640422e-01
1.1810063213e+00 1.8237521968e+00 -9.1411857170e-01
5.3200000000e+02 0.0000000000e+00 0.0000000000e+00
-3.8815625506e-01 -7.3769180059e-01 5.5239979092e-01
4.0200366685e-01 4.0383604329e-01 8.2177217157e-01
-8.2929353880e-01 5.4104275015e-01 1.3980332262e-01
1.0467586203e+00 1.8357931513e+00 -1.0407384257e+00
5.3200000000e+02 0.0000000000e+00 0.0000000000e+00
-3.9829941201e-01 -7.6232932320e-01 5.1010938177e-01
3.8839380272e-01 3.6364383978e-01 8.4670739444e-01
-8.3096800925e-01 5.3536637994e-01 1.5124485720e-01
9.9145836523e-01 1.8922327630e+00 -1.0027043366e+00
5.3200000000e+02 0.0000000000e+00 0.0000000000e+00
-4.1625342231e-01 -7.6589252059e-01 4.9004258521e-01
3.3485355274e-01 3.7194756548e-01 8.6575291322e-01
-8.4534382746e-01 5.2446511366e-01 1.0163738449e-01
9.3743881608e-01 1.8649538521e+00 -1.1253527255e+00
5.3200000000e+02 0.0000000000e+00 0.0000000000e+00
-4.1131604161e-01 -7.6994146033e-01 4.8786192880e-01
3.3786926712e-01 3.6831689639e-01 8.6613337435e-01
-8.4655978658e-01 5.2108810338e-01 1.0864490904e-01
9.6982578013e-01 1.8994826007e+00 -1.0905720813e+00
5.3200000000e+02 0.0000000000e+00 0.0000000000e+00
-4.0750761508e-01 -7.8218930003e-01 4.7129337208e-01
3.4010640596e-01 3.4896539625e-01 8.7324153866e-01
-8.4750526622e-01 5.1614247174e-01 1.2382153524e-01
9.8814404968e-01 1.9351079751e+00 -1.0367149149e+00
5.3200000000e+02 0.0000000000e+00 0.0000000000e+00
-4.0999119384e-01 -8.0186514512e-01 4.3464872026e-01
3.1515978813e-01 3.2264282278e-01 8.9251101778e-01
-8.5590976681e-01 5.0290545628e-01 1.2043493315e-01
9.6586690126e-01 1.9524864298e+00 -1.0332127247e+00
5.3200000000e+02 0.0000000000e+00 0.0000000000e+00
-4.2271730529e-01 -8.1067194871e-01 4.0511858929e-01
2.9666722048e-01 2.9860975574e-01 9.0709468859e-01
-8.5632858185e-01 5.0363002826e-01 1.1427228247e-01
9.2651157446e-01 1.9786899424e+00 -1.0287698620e+00
0 0 0
0 0 0
0 0 0
0 0 0
0 0 0
5.3200000000e+02 0.0000000000e+00 0.0000000000e+00
-4.6086138158e-01 -8.2362975826e-01 3.3051597280e-01
4.0176475429e-02 3.5267958518e-01 9.3488125504e-01
-8.8656225827e-01 4.4412963367e-01 -1.2944586014e-01
8.0492232615e-01 1.6024756534e+00 -1.5856732206e+00
5.3200000000e+02 0.0000000000e+00 0.0000000000e+00
-4.5155277053e-01 -8.4253594843e-01 2.9365502046e-01
-5.5260499366e-02 3.5489617063e-01 9.3327112099e-01
-8.9053151131e-01 4.0519363727e-01 -2.0681330634e-01
7.4652002206e-01 1.5039952565e+00 -1.6995209886e+00
5.3200000000e+02 0.0000000000e+00 0.0000000000e+00
-4.7659856678e-01 -8.2942707540e-01 2.9138382374e-01
-9.2082176317e-02 3.7672455481e-01 9.2173720908e-01
-8.7428523890e-01 4.1246737616e-01 -2.5592183309e-01
7.4640822222e-01 1.3881291604e+00 -1.8443797962e+00
0 0 0
0 0 0
0 0 0
0 0 0
0 0 0
0 0 0
0 0 0
0 0 0
0 0 0
0 0 0
5.3200000000e+02 0.0000000000e+00 0.0000000000e+00
-5.0157096950e-01 -8.1265698397e-01 2.9667353938e-01
3.0952874244e-01 1.5165367574e-01 9.3871887178e-01
-8.0784807987e-01 5.6266312217e-01 1.7547561311e-01
7.1709771221e-01 2.1354737333e+00 -8.6363495981e-01
5.3200000000e+02 0.0000000000e+00 0.0000000000e+00
-5.1809229149e-01 -8.0150707170e-01 2.9860809017e-01
3.5383101806e-01 1.1700440109e-01 9.2796205784e-01
-7.7870661238e-01 5.8642679350e-01 2.2297898489e-01
6.9850521843e-01 2.1888035307e+00 -7.6264234904e-01
5.3200000000e+02 0.0000000000e+00 0.0000000000e+00
-4.9165305048e-01 -8.2149011809e-01 2.8884470538e-01
3.6901202282e-01 1.0389758833e-01 9.2359916531e-01
-7.8873785567e-01 5.6067751606e-01 2.5205816396e-01
7.2531970961e-01 2.2137612497e+00 -7.0681995039e-01
5.3200000000e+02 0.0000000000e+00 0.0000000000e+00
-4.8171788557e-01 -8.3605846576e-01 2.6259116615e-01
3.3756093508e-01 9.9495695056e-02 9.3603056669e-01
-8.0870297008e-01 5.3954318501e-01 2.3429182164e-01
7.1780872708e-01 2.2004421857e+00 -7.6855887429e-01
5.3200000000e+02 0.0000000000e+00 0.0000000000e+00
-4.4994683359e-01 -8.6235551974e-01 2.3214393061e-01
3.2195887424e-01 8.5827434110e-02 9.4285530960e-01
-8.3300079846e-01 4.9897555965e-01 2.3902523012e-01
7.4336306012e-01 2.1952257130e+00 -7.6164104917e-01
5.3200000000e+02 0.0000000000e+00 0.0000000000e+00
-4.3905000985e-01 -8.7988288247e-01 1.8177239059e-01
3.4149848745e-01 2.3702481174e-02 9.3958340527e-01
-8.3103181162e-01 4.7459909979e-01 2.9007209890e-01
6.9178203155e-01 2.2348159916e+00 -6.4107579112e-01
5.3200000000e+02 0.0000000000e+00 0.0000000000e+00
-4.2783467861e-01 -8.9192608845e-01 1.4637397491e-01
2.7307393606e-01 2.6824524668e-02 9.6161898396e-01
-8.6161947124e-01 4.5138486641e-01 2.3208530576e-01
6.6778300923e-01 2.2031972052e+00 -7.9774394314e-01
5.3200000000e+02 0.0000000000e+00 0.0000000000e+00
-4.4669637870e-01 -8.8968911686e-01 9.4422564017e-02
2.2387181435e-01 -8.9701441618e-03 9.7457731723e-01
-8.6622384867e-01 4.5647870909e-01 2.0318324771e-01
5.6260005630e-01 2.1751438194e+00 -8.7021333154e-01
5.3200000000e+02 0.0000000000e+00 0.0000000000e+00
-4.6218117286e-01 -8.8551232530e-01 4.7502475684e-02
1.5646225336e-01 -2.8702356583e-02 9.8726680183e-01
-8.7287348839e-01 4.6372847278e-01 1.5181494262e-01
4.8078663162e-01 2.1287668091e+00 -9.9744092331e-01
0 0 0
0 0 0
0 0 0
0 0 0
0 0 0
0 0 0
0 0 0
0 0 0
0 0 0
0 0 0
5.3200000000e+02 0.0000000000e+00 0.0000000000e+00
-5.4035765049e-01 -8.3929550837e-01 -5.9972153469e-02
-4.2962711627e-02 -4.3660793977e-02 9.9812220719e-01
-8.4033791713e-01 5.4191953711e-01 -1.2465966844e-02
2.9216061427e-01 1.7746894161e+00 -1.4478291729e+00
5.3200000000e+02 0.0000000000e+00 0.0000000000e+00
-5.5250371073e-01 -8.3331925637e-01 -1.7851235276e-02
-1.0253420772e-03 -2.0737408466e-02 9.9978443105e-01
-8.3350980697e-01 5.5240291170e-01 1.0603057831e-02
3.4644814779e-01 1.8338115007e+00 -1.3757838485e+00
5.3200000000e+02 0.0000000000e+00 0.0000000000e+00
-5.7218824073e-01 -8.2011137496e-01 4.2367251572e-03
9.4733015221e-02 -6.0961672970e-02 9.9363440473e-01
-8.1463260001e-01 5.6894727972e-01 1.1257317578e-01
3.2061514341e-01 2.0091148871e+00 -1.1052472284e+00
0 0 0
0 0 0
0 0 0
0 0 0
0 0 0
5.3200000000e+02 0.0000000000e+00 0.0000000000e+00
-6.1708392593e-01 -7.8041646263e-01 1.0078478660e-01
2.5519862952e-01 -7.7322054529e-02 9.6379196893e-01
-7.4436623234e-01 6.2046067138e-01 2.4687540869e-01
3.6940219626e-01 2.1894166217e+00 -7.7860704023e-01
5.3200000000e+02 0.0000000000e+00 0.0000000000e+00
-6.8833224350e-01 -7.1730627154e-01 1.0802978927e-01
2.6143222291e-01 -1.0639092567e-01 9.5934048375e-01
-6.7664755626e-01 6.8858745541e-01 2.6075927763e-01
2.4769115663e-01 2.2017449857e+00 -7.4077184931e-01
5.3200000000e+02 0.0000000000e+00 0.0000000000e+00
-7.5270979009e-01 -6.5182406102e-01 9.2484406105e-02
2.2335325494e-01 -1.2068563348e-01 9.6723745863e-01
-6.1930710912e-01 7.4870579759e-01 2.3642828352e-01
7.7714218181e-02 2.1719446123e+00 -8.1273965307e-01
5.3200000000e+02 0.0000000000e+00 0.0000000000e+00
-7.8467110532e-01 -6.1545754271e-01 7.4184025227e-02
1.6272614731e-01 -8.9022868538e-02 9.8264700165e-01
-5.9817343426e-01 7.8312638954e-01 1.7000470741e-01
-1.9077724853e-02 2.0787794422e+00 -9.6674107084e-01
5.3200000000e+02 0.0000000000e+00 0.0000000000e+00
-8.0011619279e-01 -5.9509445527e-01 7.5343661581e-02
1.5250133493e-01 -8.0328031653e-02 9.8503337516e-01
-5.8013569178e-01 7.9963116287e-01 1.5502445770e-01
-4.1338280287e-02 2.0537637222e+00 -9.9791807251e-01
5.3200000000e+02 0.0000000000e+00 0.0000000000e+00
-7.9246598164e-01 -6.0471772787e-01 7.9461547553e-02
1.5856735403e-01 -7.8468315475e-02 9.8422513568e-01
-5.8894317398e-01 7.9256494565e-01 1.5807196069e-01
2.6306696676e-02 2.0495637964e+00 -9.9993090004e-01
5.3200000000e+02 0.0000000000e+00 0.0000000000e+00
-7.8339951806e-01 -6.1561875995e-01 8.5432648925e-02
1.7603659137e-01 -8.7951881973e-02 9.8044662525e-01
-5.9606737338e-01 7.8312068601e-01 1.7727289004e-01
8.5341730751e-02 2.0738272422e+00 -9.7109680886e-01
5.3200000000e+02 0.0000000000e+00 0.0000000000e+00
-8.0384278996e-01 -5.8820053589e-01 8.8639148304e-02
1.9472376810e-01 -1.1940051117e-01 9.7356364562e-01
-5.6206709846e-01 7.9985226605e-01 2.1051586477e-01
5.9946707604e-02 2.1091031926e+00 -8.9558904215e-01
5.3200000000e+02 0.0000000000e+00 0.0000000000e+00
-8.3110218000e-01 -5.5227497243e-01 6.5280328062e-02
1.9571192884e-01 -1.8058669023e-01 9.6389070346e-01
-5.2054395330e-01 8.1386780385e-01 2.5817279203e-01
-5.5703281189e-02 2.1668772780e+00 -8.0806792442e-01
5.3200000000e+02 0.0000000000e+00 0.0000000000e+00
-9.0910319586e-01 -4.1351536350e-01 5.0362917167e-02
1.6102676016e-01 -2.3733790370e-01 9.5798804897e-01
-3.8418974712e-01 8.7901977430e-01 2.8235168602e-01
-3.4976498568e-01 2.1946322592e+00 -7.3491677047e-01
5.3200000000e+02 0.0000000000e+00 0.0000000000e+00
-9.3112608681e-01 -3.6048310286e-01 5.5282393407e-02
1.6003002202e-01 -2.6764758167e-01 9.5013428739e-01
-3.2771115715e-01 8.9354166360e-01 3.0690176425e-01
-4.2498742586e-01 2.2100843132e+00 -6.8018177508e-01
5.3200000000e+02 0.0000000000e+00 0.0000000000e+00
-9.4591173413e-01 -3.2377268506e-01 2.0548470813e-02
1.3050563310e-01 -3.2175900214e-01 9.3778431650e-01
-2.9701729069e-01 8.8974288025e-01 3.4660977493e-01
-5.2688547670e-01 2.2366266461e+00 -5.8231643777e-01
0 0 0
0 0 0
0 0 0
0 0 0
0 0 0
5.3200000000e+02 0.0000000000e+00 0.0000000000e+00
-9.9371797786e-01 -9.8951419591e-02 -5.2279987028e-02
-7.5496831205e-03 -4.0681100741e-01 9.1348114733e-01
-1.1165833049e-01 9.0813733588e-01 4.0350835979e-01
-9.6367968028e-01 2.1656160259e+00 -4.8147221379e-01
5.3200000000e+02 0.0000000000e+00 0.0000000000e+00
-9.9447107487e-01 -2.7662770460e-03 -1.0497442045e-01
-9.2477584269e-02 -4.5053668014e-01 8.8795528956e-01
-4.9751157225e-02 8.9275363206e-01 4.4778987795e-01
-1.1172450647e+00 2.1055579829e+00 -3.7753814989e-01
0 0 0
0 0 0
0 0 0
0 0 0
0 0 0
0 0 0
0 0 0
0 0 0
0 0 0
0 0 0
0 0 0
0 0 0
0 0 0
0 0 0
0 0 0
0 0 0
0 0 0
0 0 0
0 0 0
0 0 0
0 0 0
0 0 0
0 0 0
0 0 0
0 0 0
0 0 0
0 0 0
0 0 0
0 0 0
0 0 0
0 0 0
0 0 0
0 0 0
0 0 0
0 0 0
0 0 0
0 0 0
0 0 0
0 0 0
0 0 0
0 0 0
0 0 0
0 0 0
0 0 0
0 0 0
0 0 0
0 0 0
0 0 0
0 0 0
0 0 0
0 0 0
0 0 0
0 0 0
0 0 0
0 0 0
0 0 0
0 0 0
0 0 0
0 0 0
0 0 0
0 0 0
0 0 0
0 0 0
0 0 0
0 0 0
0 0 0
0 0 0
0 0 0
0 0 0
0 0 0
0 0 0
0 0 0
0 0 0
0 0 0
0 0 0
0 0 0
0 0 0
0 0 0
0 0 0
0 0 0
0 0 0
0 0 0
0 0 0
0 0 0
0 0 0
0 0 0
0 0 0
0 0 0
0 0 0
0 0 0
0 0 0
0 0 0
0 0 0
0 0 0
0 0 0
0 0 0
0 0 0
0 0 0
0 0 0
0 0 0
0 0 0
0 0 0
0 0 0
0 0 0
0 0 0
0 0 0
0 0 0
0 0 0
0 0 0
0 0 0
0 0 0
0 0 0
0 0 0
0 0 0
0 0 0
0 0 0
0 0 0
0 0 0
0 0 0
0 0 0
0 0 0
0 0 0
0 0 0
0 0 0
0 0 0
0 0 0
0 0 0
0 0 0
0 0 0
0 0 0
0 0 0
0 0 0
0 0 0
0 0 0
0 0 0
0 0 0
0 0 0
0 0 0
0 0 0
0 0 0
0 0 0
0 0 0
0 0 0
0 0 0
0 0 0
0 0 0
0 0 0
0 0 0
0 0 0
0 0 0
0 0 0
0 0 0
0 0 0
0 0 0
0 0 0
0 0 0
0 0 0
0 0 0
0 0 0
0 0 0
0 0 0
0 0 0
0 0 0
0 0 0
0 0 0
0 0 0
0 0 0
0 0 0
0 0 0
0 0 0
0 0 0
0 0 0
0 0 0
0 0 0
0 0 0
0 0 0
0 0 0
0 0 0
0 0 0
0 0 0
0 0 0
0 0 0
0 0 0
0 0 0
0 0 0
0 0 0
0 0 0
0 0 0
0 0 0
0 0 0
0 0 0
0 0 0
0 0 0
0 0 0
0 0 0
0 0 0
0 0 0
0 0 0
0 0 0
0 0 0
0 0 0
0 0 0
0 0 0
0 0 0
0 0 0
0 0 0
0 0 0
0 0 0
0 0 0
0 0 0
0 0 0
0 0 0
0 0 0
0 0 0
0 0 0
0 0 0
0 0 0
0 0 0
0 0 0
0 0 0
0 0 0
0 0 0
0 0 0
0 0 0
0 0 0
0 0 0
0 0 0
0 0 0
0 0 0
0 0 0
0 0 0
0 0 0
0 0 0
0 0 0
0 0 0
0 0 0
0 0 0
0 0 0
0 0 0
0 0 0
0 0 0
0 0 0
0 0 0
0 0 0
0 0 0
0 0 0
0 0 0
0 0 0
0 0 0
0 0 0
0 0 0
0 0 0
0 0 0
0 0 0
0 0 0
0 0 0
0 0 0
0 0 0
0 0 0
0 0 0
0 0 0
0 0 0
0 0 0
0 0 0
0 0 0
0 0 0
0 0 0
0 0 0
0 0 0
0 0 0
0 0 0
0 0 0
0 0 0
0 0 0
0 0 0
0 0 0
0 0 0
0 0 0
0 0 0
0 0 0
0 0 0
0 0 0
0 0 0
0 0 0
0 0 0
0 0 0
0 0 0
0 0 0
0 0 0
0 0 0
0 0 0
0 0 0
0 0 0
0 0 0
0 0 0
0 0 0
0 0 0
0 0 0
0 0 0
0 0 0
0 0 0
0 0 0
0 0 0
0 0 0
0 0 0
0 0 0
0 0 0
0 0 0
0 0 0
0 0 0
0 0 0
0 0 0
0 0 0
0 0 0
0 0 0
0 0 0
0 0 0
0 0 0
0 0 0
0 0 0
0 0 0
0 0 0
0 0 0
0 0 0
0 0 0
0 0 0
0 0 0
0 0 0
0 0 0
0 0 0
0 0 0
0 0 0
0 0 0
0 0 0
0 0 0
0 0 0
0 0 0
0 0 0
0 0 0
0 0 0
0 0 0
0 0 0
0 0 0
0 0 0
0 0 0
0 0 0
0 0 0
0 0 0
0 0 0
0 0 0
0 0 0
0 0 0
0 0 0
0 0 0
0 0 0
1.5305406529e-01 -4.8222145477e-01 -1.6953092885e+00
8 10 5
19 5 19 242.2500 -255.2000 14 34 394.2300 -338.4000 0 25 208.3700 -221.5900 1 22 205.6700 -228.9700 2 23 201.8700 -234.6600 3 22 212.4800 -241.8100 4 23 225.2900 -250.3400 6 21 258.1100 -257.7700 7 21 274.6300 -258.0400 8 21 279.1899 -268.3300 9 21 285.2600 -294.6100 10 34 304.2000 -311.3600 13 25 391.4800 -329.3900 11 29 340.2800 -350.3400 15 32 395.7400 -354.2500 12 23 371.8900 -341.6200 18 30 375.7400 -137.5700 16 40 392.7900 -284.1800 17 38 384.0000 -197.5000
1.9496457022e-01 -4.0749552901e-01 -1.6686876315e+00
160 135 84
30 5 28 286.1801 -194.1700 14 27 439.8000 -284.4400 0 34 252.5800 -160.5000 1 29 250.2100 -167.7800 2 31 246.3600 -173.3400 3 28 256.3101 -180.1800 4 31 269.6000 -188.6400 6 26 302.1600 -194.3500 7 29 318.3101 -194.1700 8 32 321.2700 -204.8300 9 34 327.8600 -231.9000 10 39 346.4600 -251.4100 13 29 438.8199 -271.0400 11 34 384.9301 -288.9700 15 25 437.7200 -302.7600 12 27 418.3700 -282.1400 19 19 410.9900 -56.0600 22 23 449.2300 119.1400 23 20 448.3000 163.4100 18 20 411.5300 -93.5400 20 19 420.7800 -7.9000 21 27 446.1899 58.1900 16 17 433.4900 -236.2700 17 23 421.7400 -151.3200 27 29 387.5300 178.2600 25 25 392.0500 124.2000 30 25 390.1400 215.0100 31 26 376.6200 211.6100 33 36 305.3500 202.9600 28 24 392.1300 179.2100
1.2600349009e-01 -4.1060075819e-01 -1.6946637896e+00
24 17 9
24 5 49 221.8199 -194.9900 14 37 374.2500 -284.2900 0 49 189.7400 -160.2100 1 44 187.5400 -167.5300 2 48 184.1100 -172.8900 3 48 193.8199 -179.8100 4 54 206.9000 -188.0800 6 53 237.2900 -195.7700 7 55 252.7700 -196.2400 8 40 257.1500 -205.6700 9 56 263.6300 -232.9800 10 60 282.0200 -251.8100 13 40 371.0800 -270.2700 11 44 318.3000 -288.6700 15 35 378.1200 -301.9500 12 39 351.1000 -280.8000 19 29 360.3199 -58.1100 22 30 398.9200 110.1800 23 26 397.7600 151.2800 18 37 359.7100 -94.3700 20 32 370.8900 -12.4700 21 39 396.0300 52.4000 16 44 377.8400 -235.9100 17 43 369.5800 -150.8700
1.6977726632e-03 -5.1679484587e-01 -1.7221139711e+00
26 98 24
21 5 45 121.0300 -285.7200 14 72 273.0200 -382.8500 0 63 87.3101 -247.9300 1 56 85.4800 -255.4100 2 56 81.3600 -260.9800 3 44 90.6500 -268.4600 4 66 102.9399 -277.2900 6 49 137.4700 -288.8500 8 51 156.5500 -300.8000 9 54 162.6600 -328.4100 10 58 179.4301 -348.6300 13 78 263.6300 -371.2000 11 62 211.3500 -390.2100 15 61 282.0900 -396.1700 12 49 241.3300 -382.7200 19 54 284.6000 -139.7000 18 72 279.2500 -175.3300 20 77 300.6801 -96.8900 21 88 328.5800 -33.4200 16 90 287.4900 -323.7000 17 89 284.0200 -234.4800
4.6495042106e-02 -4.9603558145e-01 -1.7093775812e+00
23 93 21
20 5 62 160.7300 -267.7400 14 74 313.0100 -364.1500 0 66 126.8700 -231.5900 1 59 124.3199 -238.5800 2 58 121.0000 -244.1700 3 62 130.5800 -251.3700 4 68 143.5100 -260.2900 6 61 177.0300 -270.2600 7 66 193.7700 -271.4800 8 69 195.8300 -281.9600 9 68 202.5699 -309.5500 10 76 219.5900 -329.6900 13 80 305.1100 -352.1300 11 89 253.4399 -370.7200 12 77 283.5100 -363.5900 19 84 313.7400 -123.3200 18 74 310.4301 -159.8700 20 104 326.9900 -79.3100 16 91 323.0100 -308.4300 17 68 317.8700 -220.3500
2.5902325165e-01 -4.0177756922e-01 -1.6541883553e+00
20 15 12
15 5 66 338.1500 -188.9700 14 91 487.5601 -277.2900 0 70 304.3800 -156.3200 1 62 301.5400 -163.4700 2 61 297.9500 -169.1200 3 65 308.5699 -176.2300 4 72 321.9700 -184.3900 6 92 354.2000 -187.3700 7 71 370.1700 -187.4100 8 73 373.7500 -198.7600 9 69 380.0300 -225.4800 10 77 399.5601 -245.2400 13 82 491.1400 -263.9500 11 65 438.5300 -285.5000 12 81 473.0601 -275.5600
-1.8185606385e-02 -4.8885984028e-01 -1.7196765902e+00
20 88 15
20 5 188 105.3000 -262.5100 14 179 261.5601 -362.1000 0 162 71.9399 -225.2100 1 164 69.9399 -232.2400 2 161 66.6500 -237.9000 3 177 75.9301 -245.0500 4 192 88.7000 -254.1600 6 175 121.6300 -265.6500 7 190 137.8500 -267.3400 8 198 141.1000 -277.6200 9 193 147.7600 -305.0200 10 208 164.8700 -325.2800 13 148 250.7200 -348.1600 11 195 197.3800 -365.9300 15 146 273.2900 -376.4300 12 143 227.8500 -358.7800 19 114 276.2200 -124.7100 20 102 291.6000 -82.3800 16 144 279.9399 -305.9400 17 114 277.2300 -217.9400
1.0194921056e-01 -4.4931101861e-01 -1.6858081872e+00
24 117 23
17 5 193 212.4600 -229.3800 14 187 366.6899 -326.1200 0 166 178.3101 -194.2700 1 169 176.2100 -201.3900 2 164 172.8500 -206.9100 3 182 183.0100 -213.9500 4 197 195.7000 -222.6800 6 179 228.5500 -231.0100 7 195 244.4100 -231.6900 8 208 247.5601 -241.8300 9 200 254.1600 -269.5700 10 213 273.2700 -289.3700 13 195 361.9200 -312.3800 11 199 308.8199 -329.1000 15 151 370.8600 -341.6900 12 176 341.0400 -322.7200 18 146 354.9200 -126.9100
-2.2615828106e-01 -1.2140839048e-01 -1.7830407403e+00
152 87 8
15 5 205 -65.3300 55.1100 14 125 70.4800 -45.2000 0 176 -90.0200 92.2100 1 184 -91.9300 84.5400 2 181 -95.1000 78.5700 3 193 -88.0000 73.2500 4 205 -76.7600 65.2500 6 195 -54.8400 49.5500 7 208 -42.8100 46.8500 8 225 -38.5900 39.0000 9 214 -33.2200 12.1700 10 236 -20.0100 -2.3000 13 155 53.5200 -15.0100 11 154 4.2300 -32.1000 15 161 90.9301 -86.5400
3.0275993715e-01 -7.5032364431e-01 -1.7688397486e+00
29 23 9
3 5 228 305.0100 -449.5400 14 299 423.5000 -483.5500 0 189 264.1400 -412.5200
-7.3023367303e-02 -5.1489523973e-01 -1.7392817978e+00
53 113 44
11 5 266 54.2700 -283.5800 14 173 210.1700 -383.9100 0 204 21.0400 -245.5400 1 162 17.4000 -252.9900 2 157 14.1300 -258.7500 3 243 24.3400 -265.6500 4 260 37.2800 -274.6200 6 239 70.9399 -287.6700 7 245 87.2500 -289.7700 9 262 96.9700 -327.9700 10 271 113.9301 -348.5300
9.3168248753e-02 -4.5771780333e-01 -1.6848955261e+00
191 202 144
12 5 191 206.8101 -237.3900 14 184 361.7400 -334.5800 0 205 172.7800 -202.2900 1 216 170.6100 -209.3200 3 181 177.0200 -221.8500 4 196 190.0601 -230.6900 6 177 222.9500 -239.2500 7 252 239.0000 -240.3000 8 204 242.7200 -250.5300 9 197 249.1600 -278.2500 10 140 268.3800 -298.5000 13 191 356.9600 -321.5200
7.6645423249e-02 -4.5181939851e-01 -1.6928538114e+00
208 220 147
14 5 275 189.8000 -230.9500 14 185 344.9600 -328.4400 0 206 156.1801 -195.5200 1 217 153.9301 -202.6100 2 218 150.5300 -208.1800 3 248 160.4200 -215.1300 4 270 173.6300 -223.7600 6 245 205.7300 -232.8900 7 253 221.8300 -233.8000 8 205 225.6600 -244.1300 9 198 232.1400 -271.8400 10 211 250.6300 -291.8400 13 192 338.7600 -314.4100 11 143 286.6700 -331.9400
7.6335983653e-02 -4.5176062690e-01 -1.6923852425e+00
208 220 147
15 5 277 189.8000 -230.9500 14 186 344.9600 -328.4400 0 208 156.1801 -195.5200 1 219 153.9301 -202.6100 2 220 150.5300 -208.1800 3 249 160.4200 -215.1300 4 271 173.6300 -223.7600 6 247 205.7300 -232.8900 7 255 221.8300 -233.8000 8 207 225.6600 -244.1300 9 199 232.1400 -271.8400 10 212 250.6300 -291.8400 13 194 338.7600 -314.4100 11 144 286.6700 -331.9400 18 104 338.6000 -130.7200
1.0840169089e-01 -4.4168074801e-01 -1.6842357294e+00
218 218 165
14 5 280 217.6899 -222.4600 14 235 372.0699 -319.4000 0 210 183.9301 -187.5300 1 221 181.6500 -194.6600 2 222 178.2400 -200.3600 3 252 188.1899 -207.2300 4 274 201.2700 -215.9400 6 249 233.4000 -223.9400 7 258 249.6801 -224.5700 8 292 253.2200 -235.0200 9 274 259.7300 -262.6200 10 284 278.3400 -282.6700 13 260 367.8300 -305.1500 11 245 314.7400 -322.5700
1.0144945789e-01 -4.3587151176e-01 -1.6887863007e+00
16 89 11
11 5 282 210.2600 -216.4900 14 191 362.5900 -312.4400 0 212 177.0500 -181.5900 3 385 181.5900 -200.8000 4 423 193.9301 -209.6200 7 260 242.1500 -218.8300 8 293 244.8900 -229.6500 9 276 251.6100 -256.8100 10 285 269.6400 -276.1800 13 199 358.1300 -298.7000 19 155 353.8800 -83.1500
-1.4668147567e-01 -8.2606791005e-02 -1.7589664028e+00
112 65 40
15 5 337 1.9000 82.2200 14 276 138.5699 -13.1400 0 248 -22.8400 118.0900 1 258 -24.8600 110.2400 2 257 -28.1800 104.2400 3 312 -20.5500 98.9900 4 336 -8.9000 91.1000 6 295 12.1800 77.7600 7 320 24.2300 75.6100 8 342 28.6000 68.4200 9 320 33.6100 42.0500 10 341 48.1700 27.2400 13 319 125.0000 17.1600 11 272 73.7400 -0.1700 15 289 155.2600 -55.1100
5.9350744333e-01 -5.9660555640e-01 -1.5305839425e+00
22 14 0
14 5 389 682.9700 -387.3400 14 454 824.3400 -462.5700 0 281 638.4700 -356.8600 1 294 635.7900 -364.1200 2 288 631.8500 -369.7400 3 352 645.5900 -378.0000 4 385 661.1801 -386.4200 6 337 703.4399 -382.3900 7 375 723.2600 -379.4900 8 389 727.1700 -392.5700 9 370 733.8000 -420.5700 10 398 757.1200 -443.7300 11 236 808.1600 -489.2900 12 242 845.8101 -483.4100
3.4149901081e-01 -4.9878985816e-01 -1.5375249734e+00
89 87 66
11 5 256 510.4100 -307.3000 14 221 679.4000 -423.8800 0 295 468.8500 -274.5100 1 209 466.1600 -281.5500 2 208 462.4399 -286.8900 3 232 474.6899 -295.3000 4 252 489.9600 -304.2200 6 234 529.6700 -304.6800 7 241 548.7600 -303.1800 8 187 553.0200 -317.0400 9 179 560.7100 -347.7300
3.3974073421e-01 -4.9819419863e-01 -1.5367245966e+00
89 87 66
10 5 257 510.4100 -307.3000 14 222 679.4000 -423.8800 0 296 468.8500 -274.5100 2 209 462.4399 -286.8900 3 233 474.6899 -295.3000 4 253 489.9600 -304.2200 6 235 529.6700 -304.6800 7 242 548.7600 -303.1800 8 188 553.0200 -317.0400 9 180 560.7100 -347.7300
-1.1558961449e-02 -4.9195739016e-01 -1.7157652361e+00
213 230 159
11 5 270 112.6100 -265.8000 14 177 270.1100 -366.0300 0 308 78.4900 -229.3800 1 315 76.5900 -236.0100 2 217 73.3400 -241.5800 4 267 95.7500 -257.6100 6 241 128.8000 -269.1200 7 250 145.0601 -270.8100 8 286 148.4301 -280.9900 9 269 155.0601 -308.8600 10 275 172.7500 -329.2300
1.1873116630e-01 -4.3198512481e-01 -1.6783456685e+00
207 224 153
