# Bundle file v0.3
200 7267
5.3200000000e+02 0.0000000000e+00 0.0000000000e+00
9.7417308822e-01 3.0490569802e-02 2.2373448402e-01
-5.0849090919e-02 9.9501360095e-01 8.5803868652e-02
-2.2000264575e-01 -9.4964514826e-02 9.7086589022e-01
4.8859717307e-01 3.7264057651e-01 9.7224538215e-01
5.3200000000e+02 0.0000000000e+00 0.0000000000e+00
9.7417104559e-01 2.9857902730e-02 2.2382868355e-01
-5.1976197366e-02 9.9425349334e-01 9.3586675795e-02
-2.1974814866e-01 -1.0280319364e-01 9.7012486544e-01
4.8564863855e-01 3.7670429948e-01 9.6646270918e-01
5.3200000000e+02 0.0000000000e+00 0.0000000000e+00
9.7426589990e-01 2.8349796963e-02 2.2361181835e-01
-5.2031593947e-02 9.9355176034e-01 1.0073536000e-01
-2.1931408875e-01 -1.0977790550e-01 9.6945868501e-01
4.7996898771e-01 3.8172964784e-01 9.6155597002e-01
5.3200000000e+02 0.0000000000e+00 0.0000000000e+00
9.7449498222e-01 2.6593898488e-02 2.2282794749e-01
-4.9851360705e-02 9.9379717285e-01 9.9408355105e-02
-2.1880212855e-01 -1.0798121963e-01 9.6977610032e-01
4.8926106053e-01 3.7149121712e-01 9.6610202718e-01
5.3200000000e+02 0.0000000000e+00 0.0000000000e+00
9.7474833694e-01 2.4839773987e-02 2.2192040300e-01
-4.8278160549e-02 9.9373219524e-01 1.0082431930e-01
-2.1802499593e-01 -1.0899224641e-01 9.6983802326e-01
5.0282162539e-01 3.6328062056e-01 9.6692167377e-01
5.3200000000e+02 0.0000000000e+00 0.0000000000e+00
9.7562625829e-01 9.9855095211e-03 2.1921152738e-01
-3.3973534394e-02 9.9379263120e-01 1.0593396587e-01
-2.1679299596e-01 -1.1079934912e-01 9.6990942935e-01
5.1134521186e-01 3.6204819484e-01 9.6741147301e-01
5.3200000000e+02 0.0000000000e+00 0.0000000000e+00
9.7624112192e-01 -5.7208692205e-03 2.1661150366e-01
-1.8693476860e-02 9.9370102591e-01 1.1049355196e-01
-2.1587919258e-01 -1.1191757126e-01 9.6998486146e-01
5.1904722724e-01 3.6597792265e-01 9.6791605374e-01
5.3200000000e+02 0.0000000000e+00 0.0000000000e+00
9.7673425622e-01 -1.5177248137e-02 2.1391550639e-01
-9.3849850895e-03 9.9351181401e-01 1.1334106708e-01
-2.1424778829e-01 -1.1271169669e-01 9.7025458445e-01
5.2970862605e-01 3.6921059119e-01 9.6862067455e-01
5.3200000000e+02 0.0000000000e+00 0.0000000000e+00
9.7654398684e-01 -1.0211702939e-02 2.1507571430e-01
-1.4184493574e-02 9.9365393934e-01 1.1158247614e-01
-2.1485027787e-01 -1.1201593620e-01 9.7020193163e-01
5.3767636547e-01 3.5527637294e-01 9.7141653390e-01
5.3200000000e+02 0.0000000000e+00 0.0000000000e+00
9.7638506868e-01 -1.2638084311e-02 2.1566751373e-01
-1.1287587334e-02 9.9393958398e-01 1.0934666788e-01
-2.1574241128e-01 -1.0919881973e-01 9.7032511549e-01
5.4524118451e-01 3.1705170288e-01 9.7315871139e-01
5.3200000000e+02 0.0000000000e+00 0.0000000000e+00
9.7601667989e-01 -1.2115534759e-02 2.1735835478e-01
-1.0326087574e-02 9.9474974786e-01 1.0181508266e-01
-2.1745071278e-01 -1.0161768034e-01 9.7076724015e-01
5.6703376231e-01 2.8445255737e-01 9.8459207829e-01
5.3200000000e+02 0.0000000000e+00 0.0000000000e+00
9.7672661801e-01 -1.4459896600e-02 2.1400005853e-01
-2.5637410927e-03 9.9686663007e-01 7.9059149227e-02
-2.1447270431e-01 -7.7767816191e-02 9.7362910077e-01
5.9111770367e-01 2.0973635317e-01 1.0184842435e+00
5.3200000000e+02 0.0000000000e+00 0.0000000000e+00
9.7988727841e-01 -1.7334674771e-02 1.9879746138e-01
9.9379817898e-03 9.9922280126e-01 3.8144855078e-02
-1.9930418490e-01 -3.5402012677e-02 9.7929798293e-01
5.9711336200e-01 1.5207958115e-01 1.0496912514e+00
5.3200000000e+02 0.0000000000e+00 0.0000000000e+00
9.8103698892e-01 -1.9973131890e-02 1.9278874544e-01
2.2906757771e-02 9.9965308544e-01 -1.2999585349e-02
-1.9246222178e-01 1.7169239161e-02 9.8115417260e-01
6.1219308415e-01 7.4441637629e-02 1.0711011657e+00
5.3200000000e+02 0.0000000000e+00 0.0000000000e+00
9.7824662884e-01 -2.3567020276e-02 2.0610222880e-01
3.0238823720e-02 9.9911372347e-01 -2.9281070951e-02
-2.0522949764e-01 3.4876397912e-02 9.7809227078e-01
6.5920938023e-01 1.1673215043e-02 1.0456061719e+00
5.3200000000e+02 0.0000000000e+00 0.0000000000e+00
9.7590668101e-01 -4.9033338682e-02 2.1260734149e-01
5.6985771553e-02 9.9787996972e-01 -3.1435455687e-02
-2.1061522214e-01 4.2793664618e-02 9.7663193193e-01
6.9991143903e-01 -4.6809641493e-02 9.9705562342e-01
5.3200000000e+02 0.0000000000e+00 0.0000000000e+00
9.7448277915e-01 -5.8260198030e-02 2.1676960687e-01
6.9560308420e-02 9.9656842593e-01 -4.4863525676e-02
-2.1341198801e-01 5.8797293893e-02 9.7519136666e-01
7.3613917961e-01 -6.0708960865e-03 9.5413138200e-01
5.3200000000e+02 0.0000000000e+00 0.0000000000e+00
9.7140931780e-01 -6.6835738569e-02 2.2780895798e-01
8.7209792011e-02 9.9292686038e-01 -8.0564893794e-02
-2.2081301923e-01 9.8128660362e-02 9.7036713493e-01
7.6794731951e-01 3.8443563697e-02 9.2492786572e-01
5.3200000000e+02 0.0000000000e+00 0.0000000000e+00
9.6707705877e-01 -5.2144309634e-02 2.4908418934e-01
6.8185416493e-02 9.9608812104e-01 -5.6206797645e-02
-2.4517893748e-01 7.1340213741e-02 9.6684945184e-01
8.1328773634e-01 1.6359155656e-01 8.8892701976e-01
5.3200000000e+02 0.0000000000e+00 0.0000000000e+00
9.6362614825e-01 -8.0424053685e-02 2.5486588239e-01
1.0447340271e-01 9.9112048808e-01 -8.2252575794e-02
-2.4598771218e-01 1.0588743876e-01 9.6347179293e-01
8.2497372105e-01 1.6315426017e-01 8.7742614187e-01
5.3200000000e+02 0.0000000000e+00 0.0000000000e+00
9.5844200189e-01 -1.4224323460e-01 2.4729696972e-01
1.7372579211e-01 9.7858279563e-01 -1.1043125127e-01
-2.2629246160e-01 1.4880381149e-01 9.6262617225e-01
8.1475705018e-01 1.7151327872e-01 8.7728958758e-01
5.3200000000e+02 0.0000000000e+00 0.0000000000e+00
9.6448495100e-01 -1.6949530702e-01 2.0258361285e-01
2.1190502862e-01 9.5438135001e-01 -2.1036277617e-01
-1.5768651859e-01 2.4582021815e-01 9.5640335748e-01
7.7698576744e-01 9.0859624060e-02 8.8118835824e-01
5.3200000000e+02 0.0000000000e+00 0.0000000000e+00
9.6288009133e-01 -1.9949097458e-01 1.8183861193e-01
2.4726391298e-01 9.2206800026e-01 -2.9774344699e-01
-1.0827043486e-01 3.3165336415e-01 9.3716783928e-01
7.3331649299e-01 2.1318905346e-02 8.8054097490e-01
5.3200000000e+02 0.0000000000e+00 0.0000000000e+00
9.5255232760e-01 -2.4058355524e-01 1.8645003654e-01
2.9132969656e-01 8.9805888950e-01 -3.2957129561e-01
-8.8153678759e-02 3.6825233732e-01 9.2553721966e-01
7.3995339898e-01 2.4563682533e-02 8.5671391554e-01
0 0 0
0 0 0
0 0 0
0 0 0
0 0 0
5.3200000000e+02 0.0000000000e+00 0.0000000000e+00
8.7818682598e-01 -3.1575959428e-01 3.5928230863e-01
3.9427758982e-01 9.0313127658e-01 -1.6999729242e-01
-2.7080081396e-01 2.9094634537e-01 9.1761492102e-01
9.1903254475e-01 2.0579465706e-01 8.4840961902e-01
0 0 0
0 0 0
0 0 0
0 0 0
0 0 0
5.3200000000e+02 0.0000000000e+00 0.0000000000e+00
8.4339107296e-01 -3.5882470075e-01 3.9992040731e-01
4.3838890307e-01 8.8990081566e-01 -1.2606231775e-01
-3.1065522322e-01 2.8164050210e-01 9.0783917070e-01
9.7665020487e-01 3.5346733693e-01 8.3058775599e-01
5.3200000000e+02 0.0000000000e+00 0.0000000000e+00
8.2212863859e-01 -3.8635543378e-01 4.1813153480e-01
4.5539402703e-01 8.8706201758e-01 -7.5744683759e-02
-3.4164423272e-01 2.5268647720e-01 9.0522304571e-01
1.0310624914e+00 4.4653346530e-01 7.9289988206e-01
5.3200000000e+02 0.0000000000e+00 0.0000000000e+00
8.0707196913e-01 -4.0502842580e-01 4.2963567233e-01
4.6811826696e-01 8.8238758359e-01 -4.7512529530e-02
-3.5986125769e-01 2.3946633712e-01 9.0175148938e-01
1.0705149083e+00 5.4112285091e-01 7.5950420417e-01
5.3200000000e+02 0.0000000000e+00 0.0000000000e+00
7.8407312789e-01 -4.2556234899e-01 4.5180307352e-01
4.8669810504e-01 8.7329164812e-01 -2.2060187311e-02
-3.8516786557e-01 2.3718849980e-01 8.9184490294e-01
1.1181567220e+00 6.0745607749e-01 7.2096421092e-01
5.3200000000e+02 0.0000000000e+00 0.0000000000e+00
7.6855281210e-01 -4.3136057689e-01 4.7249828329e-01
4.8393209964e-01 8.7502742522e-01 1.1693077171e-02
-4.1849288876e-01 2.1967033897e-01 8.8125401800e-01
1.1436222832e+00 6.6517082996e-01 6.8251592119e-01
5.3200000000e+02 0.0000000000e+00 0.0000000000e+00
7.3442649235e-01 -4.4525245497e-01 5.1221868247e-01
4.9551324884e-01 8.6750465950e-01 4.3615203523e-02
-4.6377187017e-01 2.2177898253e-01 8.5774689469e-01
1.1613008595e+00 6.9420015344e-01 6.3257734419e-01
5.3200000000e+02 0.0000000000e+00 0.0000000000e+00
6.9500069306e-01 -4.6672417003e-01 5.4693928891e-01
5.1956805271e-01 8.5182371064e-01 6.6673867431e-02
-4.9701416002e-01 2.3783379722e-01 8.3451303743e-01
1.1609378230e+00 7.3702719023e-01 5.8491263456e-01
5.3200000000e+02 0.0000000000e+00 0.0000000000e+00
6.6908634751e-01 -4.7901883759e-01 5.6821159158e-01
5.4290289415e-01 8.3716107069e-01 6.6466451957e-02
-5.0752330694e-01 2.6401192199e-01 8.2019375635e-01
1.1648279044e+00 7.6137189481e-01 5.5877878763e-01
5.3200000000e+02 0.0000000000e+00 0.0000000000e+00
6.4506618891e-01 -4.9529850186e-01 5.8186682838e-01
5.6510909101e-01 8.2177773225e-01 7.3027899017e-02
-5.1433581168e-01 2.8171040598e-01 8.0999871604e-01
1.1807820039e+00 8.0343067749e-01 5.2112861192e-01
5.3200000000e+02 0.0000000000e+00 0.0000000000e+00
6.3619772582e-01 -4.9968164653e-01 5.8785262250e-01
5.7001283982e-01 8.1789364813e-01 7.8328428993e-02
-5.1994020435e-01 2.8525117436e-01 8.0516703325e-01
1.2598218656e+00 8.4499095160e-01 4.8231265157e-01
0 0 0
0 0 0
0 0 0
0 0 0
0 0 0
5.3200000000e+02 0.0000000000e+00 0.0000000000e+00
5.9765745439e-01 -5.2950690661e-01 6.0201993577e-01
5.0462801387e-01 8.3192808389e-01 2.3075144823e-01
-6.2302177718e-01 1.6588580135e-01 7.6441203946e-01
1.3981172520e+00 1.0088518627e+00 3.3339704780e-01
5.3200000000e+02 0.0000000000e+00 0.0000000000e+00
5.7861464696e-01 -5.4787607658e-01 6.0418283246e-01
4.7865974520e-01 8.2790160837e-01 2.9234188066e-01
-6.6037106134e-01 1.2004470657e-01 7.4128222006e-01
1.4436376103e+00 1.0722072426e+00 2.4722994708e-01
5.3200000000e+02 0.0000000000e+00 0.0000000000e+00
5.5748528915e-01 -5.6073836375e-01 6.1219493611e-01
4.7457801409e-01 8.2030205705e-01 3.1918684771e-01
-6.8116507612e-01 1.1259228493e-01 7.2342042855e-01
1.5005231268e+00 1.1313551077e+00 1.8471563343e-01
5.3200000000e+02 0.0000000000e+00 0.0000000000e+00
5.4713765712e-01 -5.6795264249e-01 6.1487411724e-01
4.7544649154e-01 8.1544606235e-01 3.3014898620e-01
-6.8890566687e-01 1.1170279897e-01 7.1619233929e-01
1.5744884750e+00 1.1781226870e+00 1.5679914933e-01
5.3200000000e+02 0.0000000000e+00 0.0000000000e+00
5.3128689797e-01 -5.8029280374e-01 6.1724751435e-01
4.8905083064e-01 8.0500072687e-01 3.3586174950e-01
-6.9178285400e-01 1.2342646256e-01 7.1147901673e-01
1.6329391923e+00 1.2413169387e+00 1.4651716017e-01
5.3200000000e+02 0.0000000000e+00 0.0000000000e+00
5.1686993734e-01 -5.8220363604e-01 6.2760209851e-01
5.0848576455e-01 7.9858008977e-01 3.2204358009e-01
-6.8868548346e-01 1.5267208783e-01 7.0880430196e-01
1.6900578391e+00 1.2835155632e+00 1.3708168915e-01
5.3200000000e+02 0.0000000000e+00 0.0000000000e+00
4.8505028064e-01 -5.8747306344e-01 6.4776664392e-01
5.3094662628e-01 7.8642328848e-01 3.1564868348e-01
-6.9485387334e-01 1.9082403170e-01 6.9337167784e-01
1.7248985899e+00 1.3143231002e+00 9.9152033539e-02
5.3200000000e+02 0.0000000000e+00 0.0000000000e+00
4.4049369551e-01 -5.9572810167e-01 6.7161993203e-01
5.6494145942e-01 7.6535332714e-01 3.0834304284e-01
-6.9771516512e-01 2.4360277816e-01 6.7368481862e-01
1.7253787323e+00 1.3568850840e+00 4.9086471245e-02
5.3200000000e+02 0.0000000000e+00 0.0000000000e+00
3.9369669553e-01 -6.0718389009e-01 6.9016710697e-01
5.8262842906e-01 7.4555554847e-01 3.2355994468e-01
-7.1101830186e-01 2.7472649630e-01 6.4728535179e-01
1.7167158357e+00 1.3960590481e+00 -1.8587046748e-02
5.3200000000e+02 0.0000000000e+00 0.0000000000e+00
3.8372278221e-01 -6.0213541858e-01 7.0013553267e-01
5.7978235524e-01 7.4720792010e-01 3.2485803775e-01
-7.1875534569e-01 2.8127079805e-01 6.3582819315e-01
1.7875368479e+00 1.3768626375e+00 -5.0111752281e-02
5.3200000000e+02 0.0000000000e+00 0.0000000000e+00
3.4643927601e-01 -6.1538523298e-01 7.0801189472e-01
5.9403256760e-01 7.2805622651e-01 3.4213950322e-01
-7.2602006630e-01 3.0205156193e-01 6.1778614202e-01
1.7729471634e+00 1.4024057042e+00 -8.4078045972e-02
5.3200000000e+02 0.0000000000e+00 0.0000000000e+00
3.1731824584e-01 -6.2832282518e-01 7.1029540208e-01
6.0643440116e-01 7.1028587702e-01 3.5739514545e-01
-7.2907232010e-01 3.1733956618e-01 6.0642324477e-01
1.7696249411e+00 1.4402120416e+00 -1.0138737501e-01
0 0 0
0 0 0
0 0 0
0 0 0
0 0 0
0 0 0
0 0 0
0 0 0
0 0 0
0 0 0
0 0 0
0 0 0
0 0 0
0 0 0
0 0 0
0 0 0
0 0 0
0 0 0
0 0 0
0 0 0
0 0 0
0 0 0
0 0 0
0 0 0
0 0 0
0 0 0
0 0 0
0 0 0
0 0 0
0 0 0
5.3200000000e+02 0.0000000000e+00 0.0000000000e+00
9.0739943587e-01 -3.2504318059e-01 2.6640794759e-01
2.0277438366e-01 8.9384162723e-01 3.9991210880e-01
-3.6811521718e-01 -3.0885931455e-01 8.7698181891e-01
1.9385688500e+00 1.1859778471e+00 5.1671970270e-01
5.3200000000e+02 0.0000000000e+00 0.0000000000e+00
9.0468329874e-01 -3.4014266167e-01 2.5661468916e-01
2.3221389589e-01 8.9855952205e-01 3.7238084253e-01
-3.5724618338e-01 -2.7729723230e-01 8.9189764515e-01
1.9136618204e+00 1.1998965230e+00 5.6529832031e-01
5.3200000000e+02 0.0000000000e+00 0.0000000000e+00
8.9627014137e-01 -3.6625091026e-01 2.5012017997e-01
2.6519554485e-01 8.9459938182e-01 3.5967105671e-01
-3.5548721029e-01 -2.5603167143e-01 8.9893082411e-01
1.8804705967e+00 1.2394985191e+00 5.8436094922e-01
5.3200000000e+02 0.0000000000e+00 0.0000000000e+00
8.9636696068e-01 -3.6763439596e-01 2.4773215921e-01
2.7369208533e-01 8.9853169767e-01 3.4312305476e-01
-3.4873903456e-01 -2.3976183847e-01 9.0603275139e-01
1.8746460158e+00 1.2319760501e+00 6.1128078794e-01
5.3200000000e+02 0.0000000000e+00 0.0000000000e+00
8.9676916656e-01 -3.5361473521e-01 2.6601067826e-01
2.5534209376e-01 9.0450339211e-01 3.4157580245e-01
-3.6139379776e-01 -2.3839092413e-01 9.0142347996e-01
1.8907680451e+00 1.1957054333e+00 5.9525301298e-01
5.3200000000e+02 0.0000000000e+00 0.0000000000e+00
8.9121895340e-01 -3.5338043970e-01 2.8434317635e-01
2.4715775793e-01 9.0400841228e-01 3.4882923218e-01
-3.8031805084e-01 -2.4060560127e-01 8.9301014823e-01
1.9305240429e+00 1.1589368020e+00 5.8680399358e-01
5.3200000000e+02 0.0000000000e+00 0.0000000000e+00
8.8377025076e-01 -3.5511431193e-01 3.0470308389e-01
2.3380379579e-01 8.9919887667e-01 3.6983396986e-01
-4.0532200649e-01 -2.5560752267e-01 8.7771229079e-01
1.9732552025e+00 1.1469713932e+00 5.6554998424e-01
5.3200000000e+02 0.0000000000e+00 0.0000000000e+00
8.5803724676e-01 -4.0176564632e-01 3.1993194371e-01
2.5778140252e-01 8.7568521564e-01 4.0831868879e-01
-4.4420809503e-01 -2.6788013837e-01 8.5493824325e-01
1.9467553808e+00 1.1988551610e+00 5.3914616964e-01
0 0 0
0 0 0
0 0 0
0 0 0
0 0 0
0 0 0
0 0 0
0 0 0
0 0 0
0 0 0
0 0 0
0 0 0
0 0 0
0 0 0
0 0 0
0 0 0
0 0 0
0 0 0
0 0 0
0 0 0
0 0 0
0 0 0
0 0 0
0 0 0
0 0 0
5.3200000000e+02 0.0000000000e+00 0.0000000000e+00
5.8535989211e-01 -6.4269783475e-01 4.9426034630e-01
3.5655021460e-01 7.5156054211e-01 5.5500332973e-01
-7.2816601210e-01 -1.4864805667e-01 6.6908744875e-01
1.8442730392e+00 1.3943141286e+00 1.8004053120e-01
0 0 0
0 0 0
0 0 0
0 0 0
0 0 0
0 0 0
0 0 0
0 0 0
0 0 0
0 0 0
0 0 0
0 0 0
0 0 0
0 0 0
0 0 0
0 0 0
0 0 0
0 0 0
0 0 0
0 0 0
0 0 0
0 0 0
0 0 0
0 0 0
0 0 0
0 0 0
0 0 0
0 0 0
0 0 0
0 0 0
0 0 0
0 0 0
0 0 0
0 0 0
0 0 0
0 0 0
0 0 0
0 0 0
0 0 0
0 0 0
0 0 0
0 0 0
0 0 0
0 0 0
0 0 0
0 0 0
0 0 0
0 0 0
0 0 0
0 0 0
0 0 0
0 0 0
0 0 0
0 0 0
0 0 0
0 0 0
0 0 0
0 0 0
0 0 0
0 0 0
0 0 0
0 0 0
0 0 0
0 0 0
0 0 0
0 0 0
0 0 0
0 0 0
0 0 0
0 0 0
0 0 0
0 0 0
0 0 0
0 0 0
0 0 0
0 0 0
0 0 0
0 0 0
0 0 0
0 0 0
0 0 0
0 0 0
0 0 0
0 0 0
0 0 0
0 0 0
0 0 0
0 0 0
0 0 0
0 0 0
0 0 0
0 0 0
0 0 0
0 0 0
0 0 0
0 0 0
0 0 0
0 0 0
0 0 0
0 0 0
0 0 0
0 0 0
0 0 0
0 0 0
0 0 0
0 0 0
0 0 0
0 0 0
0 0 0
0 0 0
0 0 0
0 0 0
0 0 0
0 0 0
0 0 0
0 0 0
0 0 0
0 0 0
0 0 0
0 0 0
0 0 0
0 0 0
0 0 0
0 0 0
0 0 0
0 0 0
0 0 0
0 0 0
0 0 0
0 0 0
0 0 0
0 0 0
0 0 0
0 0 0
0 0 0
0 0 0
0 0 0
0 0 0
0 0 0
0 0 0
0 0 0
0 0 0
0 0 0
0 0 0
0 0 0
0 0 0
0 0 0
0 0 0
0 0 0
0 0 0
0 0 0
0 0 0
0 0 0
0 0 0
0 0 0
0 0 0
0 0 0
0 0 0
0 0 0
0 0 0
0 0 0
0 0 0
0 0 0
0 0 0
0 0 0
0 0 0
0 0 0
0 0 0
0 0 0
0 0 0
0 0 0
0 0 0
0 0 0
0 0 0
0 0 0
0 0 0
0 0 0
0 0 0
0 0 0
0 0 0
0 0 0
0 0 0
0 0 0
0 0 0
0 0 0
0 0 0
0 0 0
0 0 0
0 0 0
0 0 0
0 0 0
0 0 0
0 0 0
0 0 0
0 0 0
0 0 0
0 0 0
0 0 0
0 0 0
0 0 0
0 0 0
0 0 0
0 0 0
0 0 0
0 0 0
0 0 0
0 0 0
0 0 0
0 0 0
0 0 0
0 0 0
0 0 0
0 0 0
0 0 0
0 0 0
0 0 0
0 0 0
0 0 0
0 0 0
0 0 0
0 0 0
0 0 0
0 0 0
0 0 0
0 0 0
0 0 0
0 0 0
0 0 0
0 0 0
0 0 0
0 0 0
0 0 0
0 0 0
0 0 0
0 0 0
0 0 0
0 0 0
0 0 0
0 0 0
0 0 0
0 0 0
0 0 0
0 0 0
0 0 0
0 0 0
0 0 0
0 0 0
0 0 0
0 0 0
0 0 0
0 0 0
0 0 0
0 0 0
0 0 0
0 0 0
0 0 0
0 0 0
0 0 0
0 0 0
0 0 0
0 0 0
0 0 0
0 0 0
0 0 0
0 0 0
0 0 0
0 0 0
0 0 0
0 0 0
0 0 0
0 0 0
0 0 0
0 0 0
0 0 0
0 0 0
0 0 0
0 0 0
0 0 0
0 0 0
0 0 0
0 0 0
0 0 0
0 0 0
0 0 0
0 0 0
0 0 0
0 0 0
0 0 0
0 0 0
0 0 0
0 0 0
0 0 0
0 0 0
0 0 0
0 0 0
0 0 0
0 0 0
0 0 0
0 0 0
0 0 0
0 0 0
0 0 0
0 0 0
0 0 0
0 0 0
0 0 0
0 0 0
0 0 0
0 0 0
0 0 0
0 0 0
0 0 0
0 0 0
0 0 0
0 0 0
0 0 0
0 0 0
0 0 0
0 0 0
0 0 0
0 0 0
0 0 0
0 0 0
0 0 0
0 0 0
0 0 0
0 0 0
0 0 0
0 0 0
0 0 0
0 0 0
0 0 0
0 0 0
0 0 0
0 0 0
0 0 0
0 0 0
0 0 0
0 0 0
0 0 0
0 0 0
0 0 0
0 0 0
0 0 0
0 0 0
0 0 0
0 0 0
0 0 0
0 0 0
0 0 0
0 0 0
0 0 0
0 0 0
0 0 0
0 0 0
0 0 0
0 0 0
0 0 0
0 0 0
0 0 0
0 0 0
0 0 0
0 0 0
0 0 0
0 0 0
0 0 0
0 0 0
0 0 0
0 0 0
0 0 0
0 0 0
0 0 0
0 0 0
0 0 0
0 0 0
0 0 0
0 0 0
0 0 0
0 0 0
0 0 0
0 0 0
0 0 0
0 0 0
0 0 0
0 0 0
0 0 0
0 0 0
0 0 0
0 0 0
0 0 0
0 0 0
0 0 0
0 0 0
0 0 0
0 0 0
0 0 0
0 0 0
0 0 0
0 0 0
0 0 0
0 0 0
0 0 0
0 0 0
0 0 0
0 0 0
0 0 0
0 0 0
0 0 0
0 0 0
0 0 0
0 0 0
0 0 0
0 0 0
0 0 0
0 0 0
0 0 0
0 0 0
0 0 0
0 0 0
0 0 0
0 0 0
0 0 0
0 0 0
0 0 0
0 0 0
0 0 0
0 0 0
0 0 0
0 0 0
0 0 0
0 0 0
0 0 0
0 0 0
0 0 0
0 0 0
0 0 0
0 0 0
0 0 0
0 0 0
0 0 0
0 0 0
0 0 0
0 0 0
0 0 0
0 0 0
0 0 0
0 0 0
0 0 0
0 0 0
0 0 0
0 0 0
0 0 0
0 0 0
0 0 0
0 0 0
0 0 0
0 0 0
0 0 0
0 0 0
0 0 0
0 0 0
0 0 0
0 0 0
0 0 0
0 0 0
0 0 0
0 0 0
0 0 0
0 0 0
0 0 0
0 0 0
0 0 0
0 0 0
0 0 0
0 0 0
0 0 0
0 0 0
0 0 0
0 0 0
0 0 0
0 0 0
0 0 0
0 0 0
0 0 0
0 0 0
0 0 0
0 0 0
0 0 0
0 0 0
0 0 0
0 0 0
0 0 0
0 0 0
0 0 0
0 0 0
0 0 0
0 0 0
0 0 0
0 0 0
0 0 0
0 0 0
0 0 0
0 0 0
0 0 0
0 0 0
0 0 0
0 0 0
0 0 0
0 0 0
0 0 0
0 0 0
0 0 0
0 0 0
0 0 0
0 0 0
0 0 0
0 0 0
0 0 0
0 0 0
0 0 0
0 0 0
0 0 0
0 0 0
0 0 0
0 0 0
0 0 0
0 0 0
0 0 0
0 0 0
0 0 0
0 0 0
0 0 0
0 0 0
0 0 0
0 0 0
0 0 0
0 0 0
0 0 0
0 0 0
0 0 0
0 0 0
0 0 0
0 0 0
0 0 0
0 0 0
0 0 0
0 0 0
0 0 0
0 0 0
0 0 0
0 0 0
0 0 0
0 0 0
0 0 0
0 0 0
0 0 0
0 0 0
0 0 0
0 0 0
0 0 0
0 0 0
0 0 0
0 0 0
0 0 0
0 0 0
0 0 0
0 0 0
0 0 0
0 0 0
0 0 0
0 0 0
0 0 0
0 0 0
0 0 0
0 0 0
0 0 0
0 0 0
0 0 0
0 0 0
0 0 0
0 0 0
0 0 0
0 0 0
0 0 0
0 0 0
0 0 0
0 0 0
0 0 0
0 0 0
0 0 0
0 0 0
0 0 0
0 0 0
0 0 0
0 0 0
0 0 0
0 0 0
0 0 0
0 0 0
0 0 0
0 0 0
0 0 0
0 0 0
0 0 0
0 0 0
0 0 0
0 0 0
0 0 0
0 0 0
0 0 0
0 0 0
0 0 0
0 0 0
0 0 0
0 0 0
0 0 0
0 0 0
0 0 0
0 0 0
0 0 0
0 0 0
0 0 0
0 0 0
0 0 0
0 0 0
0 0 0
0 0 0
0 0 0
0 0 0
0 0 0
0 0 0
0 0 0
0 0 0
0 0 0
0 0 0
0 0 0
0 0 0
0 0 0
0 0 0
0 0 0
0 0 0
0 0 0
0 0 0
0 0 0
0 0 0
0 0 0
0 0 0
0 0 0
0 0 0
0 0 0
1.7375937298e-01 -4.9647520506e-01 -1.6984105177e+00
8 10 5
19 5 19 242.2500 -255.2000 14 34 394.2300 -338.4000 0 25 208.3700 -221.5900 1 22 205.6700 -228.9700 2 23 201.8700 -234.6600 3 22 212.4800 -241.8100 4 23 225.2900 -250.3400 6 21 258.1100 -257.7700 7 21 274.6300 -258.0400 8 21 279.1899 -268.3300 9 21 285.2600 -294.6100 10 34 304.2000 -311.3600 13 25 391.4800 -329.3900 11 29 340.2800 -350.3400 15 32 395.7400 -354.2500 12 23 371.8900 -341.6200 18 30 375.7400 -137.5700 16 40 392.7900 -284.1800 17 38 384.0000 -197.5000
2.2236141559e-01 -4.1947340100e-01 -1.6783788297e+00
160 135 84
30 5 28 286.1801 -194.1700 14 27 439.8000 -284.4400 0 34 252.5800 -160.5000 1 29 250.2100 -167.7800 2 31 246.3600 -173.3400 3 28 256.3101 -180.1800 4 31 269.6000 -188.6400 6 26 302.1600 -194.3500 7 29 318.3101 -194.1700 8 32 321.2700 -204.8300 9 34 327.8600 -231.9000 10 39 346.4600 -251.4100 13 29 438.8199 -271.0400 11 34 384.9301 -288.9700 15 25 437.7200 -302.7600 12 27 418.3700 -282.1400 19 19 410.9900 -56.0600 22 23 449.2300 119.1400 23 20 448.3000 163.4100 18 20 411.5300 -93.5400 20 19 420.7800 -7.9000 21 27 446.1899 58.1900 16 17 433.4900 -236.2700 17 23 421.7400 -151.3200 27 29 387.5300 178.2600 25 25 392.0500 124.2000 30 25 390.1400 215.0100 31 26 376.6200 211.6100 33 36 305.3500 202.9600 28 24 392.1300 179.2100
1.4864401627e-01 -4.2098175033e-01 -1.6993719471e+00
24 17 9
24 5 49 221.8199 -194.9900 14 37 374.2500 -284.2900 0 49 189.7400 -160.2100 1 44 187.5400 -167.5300 2 48 184.1100 -172.8900 3 48 193.8199 -179.8100 4 54 206.9000 -188.0800 6 53 237.2900 -195.7700 7 55 252.7700 -196.2400 8 40 257.1500 -205.6700 9 56 263.6300 -232.9800 10 60 282.0200 -251.8100 13 40 371.0800 -270.2700 11 44 318.3000 -288.6700 15 35 378.1200 -301.9500 12 39 351.1000 -280.8000 19 29 360.3199 -58.1100 22 30 398.9200 110.1800 23 26 397.7600 151.2800 18 37 359.7100 -94.3700 20 32 370.8900 -12.4700 21 39 396.0300 52.4000 16 44 377.8400 -235.9100 17 43 369.5800 -150.8700
1.3464004750e-02 -5.2706472252e-01 -1.7117710905e+00
26 98 24
21 5 45 121.0300 -285.7200 14 72 273.0200 -382.8500 0 63 87.3101 -247.9300 1 56 85.4800 -255.4100 2 56 81.3600 -260.9800 3 44 90.6500 -268.4600 4 66 102.9399 -277.2900 6 49 137.4700 -288.8500 8 51 156.5500 -300.8000 9 54 162.6600 -328.4100 10 58 179.4301 -348.6300 13 78 263.6300 -371.2000 11 62 211.3500 -390.2100 15 61 282.0900 -396.1700 12 49 241.3300 -382.7200 19 54 284.6000 -139.7000 18 72 279.2500 -175.3300 20 77 300.6801 -96.8900 21 88 328.5800 -33.4200 16 90 287.4900 -323.7000 17 89 284.0200 -234.4800
6.1730874340e-02 -5.0685224240e-01 -1.7034179514e+00
23 93 21
20 5 62 160.7300 -267.7400 14 74 313.0100 -364.1500 0 66 126.8700 -231.5900 1 59 124.3199 -238.5800 2 58 121.0000 -244.1700 3 62 130.5800 -251.3700 4 68 143.5100 -260.2900 6 61 177.0300 -270.2600 7 66 193.7700 -271.4800 8 69 195.8300 -281.9600 9 68 202.5699 -309.5500 10 76 219.5900 -329.6900 13 80 305.1100 -352.1300 11 89 253.4399 -370.7200 12 77 283.5100 -363.5900 19 84 313.7400 -123.3200 18 74 310.4301 -159.8700 20 104 326.9900 -79.3100 16 91 323.0100 -308.4300 17 68 317.8700 -220.3500
2.9010470807e-01 -4.1560303676e-01 -1.6689692280e+00
20 15 12
15 5 66 338.1500 -188.9700 14 91 487.5601 -277.2900 0 70 304.3800 -156.3200 1 62 301.5400 -163.4700 2 61 297.9500 -169.1200 3 65 308.5699 -176.2300 4 72 321.9700 -184.3900 6 92 354.2000 -187.3700 7 71 370.1700 -187.4100 8 73 373.7500 -198.7600 9 69 380.0300 -225.4800 10 77 399.5601 -245.2400 13 82 491.1400 -263.9500 11 65 438.5300 -285.5000 12 81 473.0601 -275.5600
-5.8064316996e-03 -4.9709933496e-01 -1.7091123208e+00
20 88 15
20 5 188 105.3000 -262.5100 14 179 261.5601 -362.1000 0 162 71.9399 -225.2100 1 164 69.9399 -232.2400 2 161 66.6500 -237.9000 3 177 75.9301 -245.0500 4 192 88.7000 -254.1600 6 175 121.6300 -265.6500 7 190 137.8500 -267.3400 8 198 141.1000 -277.6200 9 193 147.7600 -305.0200 10 208 164.8700 -325.2800 13 148 250.7200 -348.1600 11 195 197.3800 -365.9300 15 146 273.2900 -376.4300 12 143 227.8500 -358.7800 19 114 276.2200 -124.7100 20 102 291.6000 -82.3800 16 144 279.9399 -305.9400 17 114 277.2300 -217.9400
1.2296899348e-01 -4.5962659525e-01 -1.6861352558e+00
24 117 23
17 5 193 212.4600 -229.3800 14 187 366.6899 -326.1200 0 166 178.3101 -194.2700 1 169 176.2100 -201.3900 2 164 172.8500 -206.9100 3 182 183.0100 -213.9500 4 197 195.7000 -222.6800 6 179 228.5500 -231.0100 7 195 244.4100 -231.6900 8 208 247.5601 -241.8300 9 200 254.1600 -269.5700 10 213 273.2700 -289.3700 13 195 361.9200 -312.3800 11 199 308.8199 -329.1000 15 151 370.8600 -341.6900 12 176 341.0400 -322.7200 18 146 354.9200 -126.9100
-2.1191026694e-01 -1.1013920148e-01 -1.7772914922e+00
152 87 8
15 5 205 -65.3300 55.1100 14 125 70.4800 -45.2000 0 176 -90.0200 92.2100 1 184 -91.9300 84.5400 2 181 -95.1000 78.5700 3 193 -88.0000 73.2500 4 205 -76.7600 65.2500 6 195 -54.8400 49.5500 7 208 -42.8100 46.8500 8 225 -38.5900 39.0000 9 214 -33.2200 12.1700 10 236 -20.0100 -2.3000 13 155 53.5200 -15.0100 11 154 4.2300 -32.1000 15 161 90.9301 -86.5400
3.1190420390e-01 -7.8481541769e-01 -1.7723930392e+00
29 23 9
3 5 228 305.0100 -449.5400 14 299 423.5000 -483.5500 0 189 264.1400 -412.5200
-6.5259025390e-02 -5.2269047912e-01 -1.7234486102e+00
53 113 44
11 5 266 54.2700 -283.5800 14 173 210.1700 -383.9100 0 204 21.0400 -245.5400 1 162 17.4000 -252.9900 2 157 14.1300 -258.7500 3 243 24.3400 -265.6500 4 260 37.2800 -274.6200 6 239 70.9399 -287.6700 7 245 87.2500 -289.7700 9 262 96.9700 -327.9700 10 271 113.9301 -348.5300
1.1362381114e-01 -4.6791359421e-01 -1.6840090878e+00
191 202 144
12 5 191 206.8101 -237.3900 14 184 361.7400 -334.5800 0 205 172.7800 -202.2900 1 216 170.6100 -209.3200 3 181 177.0200 -221.8500 4 196 190.0601 -230.6900 6 177 222.9500 -239.2500 7 252 239.0000 -240.3000 8 204 242.7200 -250.5300 9 197 249.1600 -278.2500 10 140 268.3800 -298.5000 13 191 356.9600 -321.5200
9.6080031987e-02 -4.6147594629e-01 -1.6911939749e+00
208 220 147
14 5 275 189.8000 -230.9500 14 185 344.9600 -328.4400 0 206 156.1801 -195.5200 1 217 153.9301 -202.6100 2 218 150.5300 -208.1800 3 248 160.4200 -215.1300 4 270 173.6300 -223.7600 6 245 205.7300 -232.8900 7 253 221.8300 -233.8000 8 205 225.6600 -244.1300 9 198 232.1400 -271.8400 10 211 250.6300 -291.8400 13 192 338.7600 -314.4100 11 143 286.6700 -331.9400
9.5802835780e-02 -4.6137855588e-01 -1.6906887810e+00
208 220 147
15 5 277 189.8000 -230.9500 14 186 344.9600 -328.4400 0 208 156.1801 -195.5200 1 219 153.9301 -202.6100 2 220 150.5300 -208.1800 3 249 160.4200 -215.1300 4 271 173.6300 -223.7600 6 247 205.7300 -232.8900 7 255 221.8300 -233.8000 8 207 225.6600 -244.1300 9 199 232.1400 -271.8400 10 212 250.6300 -291.8400 13 194 338.7600 -314.4100 11 144 286.6700 -331.9400 18 104 338.6000 -130.7200
1.3007997405e-01 -4.5191487343e-01 -1.6854503530e+00
218 218 165
14 5 280 217.6899 -222.4600 14 235 372.0699 -319.4000 0 210 183.9301 -187.5300 1 221 181.6500 -194.6600 2 222 178.2400 -200.3600 3 252 188.1899 -207.2300 4 274 201.2700 -215.9400 6 249 233.4000 -223.9400 7 258 249.6801 -224.5700 8 292 253.2200 -235.0200 9 274 259.7300 -262.6200 10 284 278.3400 -282.6700 13 260 367.8300 -305.1500 11 245 314.7400 -322.5700
1.2272982589e-01 -4.4581734124e-01 -1.6898997320e+00
16 89 11
11 5 282 210.2600 -216.4900 14 191 362.5900 -312.4400 0 212 177.0500 -181.5900 3 385 181.5900 -200.8000 4 423 193.9301 -209.6200 7 260 242.1500 -218.8300 8 293 244.8900 -229.6500 9 276 251.6100 -256.8100 10 285 269.6400 -276.1800 13 199 358.1300 -298.7000 19 155 353.8800 -83.1500
-1.2608020402e-01 -7.2158607034e-02 -1.7610524521e+00
112 65 40
15 5 337 1.9000 82.2200 14 276 138.5699 -13.1400 0 248 -22.8400 118.0900 1 258 -24.8600 110.2400 2 257 -28.1800 104.2400 3 312 -20.5500 98.9900 4 336 -8.9000 91.1000 6 295 12.1800 77.7600 7 320 24.2300 75.6100 8 342 28.6000 68.4200 9 320 33.6100 42.0500 10 341 48.1700 27.2400 13 319 125.0000 17.1600 11 272 73.7400 -0.1700 15 289 155.2600 -55.1100
6.3912256869e-01 -6.2605233721e-01 -1.5582287343e+00
22 14 0
14 5 389 682.9700 -387.3400 14 454 824.3400 -462.5700 0 281 638.4700 -356.8600 1 294 635.7900 -364.1200 2 288 631.8500 -369.7400 3 352 645.5900 -378.0000 4 385 661.1801 -386.4200 6 337 703.4399 -382.3900 7 375 723.2600 -379.4900 8 389 727.1700 -392.5700 9 370 733.8000 -420.5700 10 398 757.1200 -443.7300 11 236 808.1600 -489.2900 12 242 845.8101 -483.4100
3.8153548756e-01 -5.1391972542e-01 -1.5498611778e+00
89 87 66
11 5 256 510.4100 -307.3000 14 221 679.4000 -423.8800 0 295 468.8500 -274.5100 1 209 466.1600 -281.5500 2 208 462.4399 -286.8900 3 232 474.6899 -295.3000 4 252 489.9600 -304.2200 6 234 529.6700 -304.6800 7 241 548.7600 -303.1800 8 187 553.0200 -317.0400 9 179 560.7100 -347.7300
3.7980677491e-01 -5.1318445809e-01 -1.5489199754e+00
89 87 66
10 5 257 510.4100 -307.3000 14 222 679.4000 -423.8800 0 296 468.8500 -274.5100 2 209 462.4399 -286.8900 3 233 474.6899 -295.3000 4 253 489.9600 -304.2200 6 235 529.6700 -304.6800 7 242 548.7600 -303.1800 8 188 553.0200 -317.0400 9 180 560.7100 -347.7300
1.2576695528e-03 -5.0040169358e-01 -1.7054390032e+00
213 230 159
11 5 270 112.6100 -265.8000 14 177 270.1100 -366.0300 0 308 78.4900 -229.3800 1 315 76.5900 -236.0100 2 217 73.3400 -241.5800 4 267 95.7500 -257.6100 6 241 128.8000 -269.1200 7 250 145.0601 -270.8100 8 286 148.4301 -280.9900 9 269 155.0601 -308.8600 10 275 172.7500 -329.2300
1.4166394301e-01 -4.4201994683e-01 -1.6807515919e+00
207 224 153
19 5 412 227.8000 -214.2400 14 239 381.7100 -310.1900 0 315 194.2100 -179.9400 1 319 192.0800 -186.9400 2 326 188.4100 -192.7100 3 254 198.4600 -199.2900 6 361 243.5200 -216.0000 7 398 259.7100 -216.0300 8 295 263.2800 -226.5700 9 279 269.8300 -254.1500 10 288 288.5200 -274.0900 13 261 378.3300 -295.9400 12 222 357.6200 -305.9500 19 261 367.8700 -78.9900 23 222 411.5900 132.2900 20 164 379.7800 -32.4600 21 190 406.1100 32.1400 27 444 360.0500 140.7600 25 217 360.2600 89.0700
1.9328145909e-01 -4.2274197327e-01 -1.6773829575e+00
214 228 156
17 5 286 266.4399 -196.9100 14 246 419.4399 -291.1300 0 317 232.6899 -163.0000 1 226 230.5601 -170.3300 2 226 227.0100 -175.8500 3 256 237.0601 -182.5200 4 276 250.2600 -191.1100 6 254 281.9900 -197.6000 7 264 298.1801 -197.6400 8 297 301.8700 -207.8900 9 280 308.2100 -235.5100 10 219 327.6200 -255.0900 13 267 418.4600 -276.5100 12 224 398.3500 -286.5300 19 203 396.3600 -62.6200 22 216 435.9399 110.0300 21 192 432.5699 50.3900
-1.0824394709e-01 -4.2087818733e-01 -1.8571991079e+00
98 11 6
7 5 431 -3.6900 -174.6800 14 334 127.5500 -246.2900 0 325 -32.3200 -138.0000 1 328 -34.1600 -145.0800 2 333 -37.3600 -151.0300 3 394 -29.2100 -157.2800 10 416 45.6800 -229.9700
-1.0819672172e-01 -4.2084743345e-01 -1.8561078826e+00
98 11 6
9 5 432 -3.6900 -174.6800 14 335 127.5500 -246.2900 0 326 -32.3200 -138.0000 1 329 -34.1600 -145.0800 2 334 -37.3600 -151.0300 3 395 -29.2100 -157.2800 6 374 9.5600 -179.7100 10 417 45.6800 -229.9700 13 373 114.6000 -234.1000
-2.9638894570e-01 -4.0309439474e-01 -1.8972165300e+00
107 52 12
12 5 439 -137.9800 -159.9700 14 338 -9.3100 -238.7300 0 333 -164.7700 -121.1100 1 333 -166.5700 -128.1400 2 340 -169.7800 -134.2700 3 401 -162.3000 -140.4200 4 441 -151.4600 -148.6900 6 381 -124.4300 -167.0600 7 416 -110.3900 -170.4700 8 428 -108.2400 -177.8600 9 414 -103.1300 -202.6500 10 420 -91.2300 -217.8600
-7.1975723026e-02 -3.6101571498e-01 -1.8448458448e+00
78 1 3
12 5 453 22.8700 -132.5300 14 578 152.8900 -205.8100 0 340 -5.1200 -96.2200 1 340 -6.6800 -103.5900 2 346 -10.2100 -109.4500 3 413 -2.0100 -115.5300 4 450 9.4300 -123.7100 6 392 35.9000 -136.5100 7 425 49.7400 -138.6100 9 426 57.9600 -171.2000 10 426 72.0200 -186.5000 13 681 141.9700 -191.0100
-2.4559128089e-01 -3.3919481784e-01 -1.8620886141e+00
151 87 20
5 5 469 -99.6700 -117.3300 14 353 31.8200 -201.5700 0 345 -126.3400 -79.0800 3 430 -123.7300 -98.5200 4 470 -112.5200 -106.5600
-2.5380669952e-01 -2.9970182547e-01 -1.8488960235e+00
112 58 14
13 5 491 -104.5100 -89.0400 14 364 27.3500 -176.6800 0 356 -130.7700 -50.5900 1 364 -132.7200 -57.9800 2 229 -136.1300 -63.8900 3 268 -128.6400 -69.9000 4 289 -117.4000 -78.2100 6 263 -92.3000 -95.2400 7 277 -78.6700 -98.2100 9 445 -69.6400 -131.2000 10 440 -57.2300 -147.1300 13 278 9.3400 -156.7100 11 331 -35.8000 -178.2600
-2.3346020582e-02 -2.6269157873e-01 -1.8311511091e+00
75 5 1
12 5 512 58.1700 -63.9300 14 633 187.6100 -136.8700 0 363 31.4500 -28.8900 1 376 29.2200 -36.2600 2 380 25.9100 -42.2800 3 465 34.2100 -47.8800 4 498 45.6500 -55.7700 6 454 70.0500 -67.4400 7 500 83.6000 -68.9600 8 467 86.7400 -76.4700 9 455 91.7500 -101.3300 10 455 106.4399 -115.9800
-3.3327014580e-01 -2.1436945956e-01 -1.8603592807e+00
102 59 8
11 5 533 -161.1200 -26.1200 14 376 -33.3500 -117.7100 0 378 -185.8600 12.6600 1 397 -187.5200 5.0400 4 528 -172.6400 -14.9400 6 474 -149.7400 -33.4900 7 526 -136.5000 -37.4400 8 486 -133.6500 -44.2000 10 482 -116.7500 -84.5600 13 436 -54.0300 -93.6200 11 348 -96.9300 -114.2100
-3.3320196213e-01 -2.1453970035e-01 -1.8612733536e+00
102 59 8
13 5 534 -161.1200 -26.1200 14 377 -33.3500 -117.7100 0 379 -185.8600 12.6600 1 398 -187.5200 5.0400 2 396 -189.7200 -1.9300 4 529 -172.6400 -14.9400 6 475 -149.7400 -33.4900 7 527 -136.5000 -37.4400 8 487 -133.6500 -44.2000 9 469 -128.8700 -69.6700 10 483 -116.7500 -84.5600 13 437 -54.0300 -93.6200 11 349 -96.9300 -114.2100
-3.5427886911e-01 -2.1529985614e-01 -1.8767658886e+00
160 113 32
14 5 1030 -173.5900 -28.3200 14 646 -48.0900 -117.9500 0 380 -201.5600 12.5900 1 395 -202.5500 4.6300 2 699 -203.4300 -2.4500 3 483 -198.3800 -7.4000 6 472 -165.0600 -34.4800 7 524 -152.3000 -38.2600 8 488 -149.4800 -44.9100 9 468 -142.5200 -71.3900 10 480 -132.8600 -85.0900 13 438 -71.8500 -92.9400 11 350 -113.8600 -114.4400 15 369 -24.2000 -151.4500
-3.6929506342e-01 -2.1024139272e-01 -1.8928753871e+00
158 112 31
13 5 535 -185.0400 -24.2500 14 378 -60.3900 -113.4000 0 382 -208.8500 14.7900 1 399 -210.4100 7.2700 2 703 -216.3400 2.2700 3 948 -206.5200 -4.5800 4 1031 -199.0900 -11.4700 6 476 -173.0200 -32.0500 7 528 -160.2900 -35.9900 8 490 -157.6000 -42.6900 9 470 -152.7100 -68.1700 10 855 -144.3700 -81.2200 15 378 -39.1300 -145.3600
-3.6670792153e-01 -2.1129203107e-01 -1.8804040303e+00
158 112 31
9 5 536 -185.0400 -24.2500 14 379 -60.3900 -113.4000 0 383 -208.8500 14.7900 1 400 -210.4100 7.2700 3 949 -206.5200 -4.5800 6 477 -173.0200 -32.0500 7 529 -160.2900 -35.9900 8 491 -157.6000 -42.6900 9 471 -152.7100 -68.1700
-1.4410190455e-01 -1.8086897166e-01 -1.7949087672e+00
93 34 0
12 5 554 -18.0400 -2.0800 14 384 117.2500 -93.5600 0 391 -43.8800 34.4400 1 410 -45.4800 26.8000 2 404 -48.8700 20.7000 3 500 -41.3800 15.3000 4 548 -29.9100 7.1300 6 490 -6.6100 -6.9900 8 515 9.8400 -16.8000 9 486 15.0800 -42.7900 10 503 29.0600 -57.9000 11 362 53.9800 -87.2900
-1.4397779086e-01 -1.8081365173e-01 -1.7952345395e+00
93 34 0
14 5 555 -18.0400 -2.0800 14 385 117.2500 -93.5600 0 392 -43.8800 34.4400 1 411 -45.4800 26.8000 2 405 -48.8700 20.7000 3 501 -41.3800 15.3000 4 549 -29.9100 7.1300 6 491 -6.6100 -6.9900 7 545 6.0700 -9.3200 8 516 9.8400 -16.8000 9 487 15.0800 -42.7900 10 504 29.0600 -57.9000 13 448 102.7700 -68.5700 11 363 53.9800 -87.2900
-3.5900205145e-01 -1.7618309532e-01 -1.8590431153e+00
103 62 10
13 5 558 -178.8700 1.5000 14 668 -52.7400 -91.0600 0 397 -203.6600 41.1100 1 422 -205.2100 33.4200 2 411 -208.5100 27.0900 3 511 -201.7300 21.3300 4 554 -189.9500 13.0600 6 493 -168.3600 -5.7100 7 546 -155.9700 -9.6900 8 517 -152.2800 -16.3300 9 901 -147.1900 -42.1900 13 451 -74.6300 -65.2000 11 550 -116.9000 -85.6300
-1.4550629216e-01 -1.6655771086e-01 -1.7910066947e+00
98 37 4
13 5 565 -18.3100 8.6900 14 391 117.1801 -83.4600 0 402 -44.0700 45.3300 1 426 -45.9300 37.7400 2 415 -49.2500 31.6000 3 518 -41.5200 26.0100 4 562 -30.0400 17.9400 6 501 -7.0300 3.8400 7 558 5.4500 1.5900 8 523 9.3300 -5.8200 9 494 14.5000 -31.7900 10 515 28.8700 -47.1300 11 369 53.5000 -76.0200
-1.6066007772e-01 -1.4399502256e-01 -1.7852708353e+00
100 45 21
11 5 583 -28.1700 26.6600 14 268 107.6400 -67.9400 0 413 -53.7500 63.2200 1 444 -55.5300 55.6200 2 433 -59.2000 49.3500 3 539 -51.1300 44.1800 7 301 -4.8000 19.1200 10 313 18.7700 -29.4500 13 293 92.4600 -40.9100 11 260 43.5700 -58.3000 12 232 69.2900 -49.7300
-3.7651978209e-01 -1.2649668994e-01 -1.8556048743e+00
106 60 8
14 5 593 -191.2000 38.6300 14 401 -68.0000 -54.7600 0 430 -214.3900 77.4200 1 465 -216.3100 69.9900 2 453 -219.2700 63.5100 3 563 -212.5300 58.2000 4 598 -201.6600 50.0600 6 525 -180.3800 30.2900 7 589 -168.0500 26.0400 8 547 -164.9000 19.7900 9 521 -160.7400 -5.5900 10 533 -149.3200 -19.7500 13 494 -87.4500 -28.6300 11 375 -131.6100 -47.3800
-3.7651978209e-01 -1.2649668994e-01 -1.8556048743e+00
106 60 8
14 5 594 -191.2000 38.6300 14 402 -68.0000 -54.7600 0 431 -214.3900 77.4200 1 466 -216.3100 69.9900 2 454 -219.2700 63.5100 3 564 -212.5300 58.2000 4 599 -201.6600 50.0600 6 526 -180.3800 30.2900 7 590 -168.0500 26.0400 8 548 -164.9000 19.7900 9 522 -160.7400 -5.5900 10 534 -149.3200 -19.7500 13 495 -87.4500 -28.6300 11 376 -131.6100 -47.3800
-1.2721868620e-01 -3.3786424912e-01 -1.8360133809e+00
87 3 3
14 5 924 -13.6000 -116.8900 14 588 118.6801 -196.5200 0 630 -40.8300 -80.2200 1 677 -42.6000 -87.2400 2 646 -46.0200 -93.2300 3 866 -38.2400 -99.1900 4 918 -26.8600 -107.5200 6 787 -0.5300 -121.6700 7 873 13.3600 -123.8700 8 805 16.1100 -132.1100 9 804 21.4000 -157.0700 10 432 35.1700 -172.7100 13 699 105.5601 -180.6600 11 321 59.6700 -203.0800
-9.2972292389e-02 -3.3751490862e-01 -1.8444294316e+00
80 0 1
15 5 929 8.4500 -116.0000 14 603 140.3400 -192.4300 0 632 -19.0600 -79.3600 1 680 -20.9900 -86.4500 2 647 -24.3500 -92.4500 3 865 -16.2400 -98.8900 4 926 -4.8000 -107.0000 6 790 21.1800 -120.6000 7 874 35.0400 -122.5400 8 807 38.1200 -130.2600 9 807 43.4000 -154.8400 10 783 57.5500 -170.5700 13 705 128.1200 -176.3100 11 509 82.7400 -200.6300 15 339 154.5300 -215.3100
-7.4030526842e-03 -3.3634516207e-01 -1.8542535725e+00
132 38 22
11 5 1560 63.1500 -114.4600 14 1569 190.6000 -180.9200 0 634 36.0500 -78.8900 1 1128 33.9500 -86.4000 2 1083 30.7200 -92.3300 3 867 38.5800 -98.3200 4 1514 50.0300 -106.4200 6 1323 76.1400 -117.9100 7 1438 89.6801 -119.3400 9 1363 98.1700 -151.1200 13 1114 181.8800 -166.9200
-1.2153209653e-01 -2.9934586681e-01 -1.8326479279e+00
78 3 4
14 5 964 -8.3800 -90.6000 14 614 124.5800 -171.6600 0 657 -35.9400 -52.2800 1 705 -37.7700 -59.7100 2 668 -41.1800 -65.6500 3 445 -32.8000 -73.0700 4 964 -21.5700 -80.5200 6 1362 3.4400 -93.2900 7 911 17.1800 -95.8200 8 830 20.4900 -103.8100 9 1391 25.4500 -128.8800 10 820 39.7800 -144.9700 13 730 110.7000 -153.1000 15 632 140.1300 -198.2800
-5.8688289473e-02 -2.7184802298e-01 -1.8257389527e+00
74 0 2
12 5 991 35.6100 -70.0800 14 625 166.8900 -147.4100 0 667 8.8700 -34.5200 1 717 6.9600 -41.9300 2 1149 4.0900 -47.7400 3 920 11.5200 -53.3400 4 989 23.0800 -61.9000 6 1389 47.9500 -73.5800 7 929 61.2600 -75.8400 8 847 64.7200 -83.5300 9 845 69.8500 -108.4600 10 832 84.2400 -123.6700
-3.6634732867e-01 -2.3417315841e-01 -1.8861808309e+00
108 60 0
13 5 521 -184.3500 -40.7300 14 373 -60.0700 -128.1800 0 677 -209.5500 -1.2600 1 384 -210.8800 -8.9000 2 387 -213.9600 -15.0300 4 510 -196.0000 -29.1800 6 459 -172.9400 -48.3200 7 952 -160.3300 -52.1100 8 478 -157.2300 -59.0600 9 461 -152.4700 -84.2300 10 463 -140.9100 -99.0000 13 423 -79.9000 -105.8500 11 339 -122.3100 -128.4400
-2.8877225754e-01 -2.2323808607e-01 -1.8390447195e+00
94 48 2
9 5 1024 -128.4300 -32.8500 14 638 2.2200 -126.1600 0 683 -153.9900 5.8100 1 737 -155.5700 -1.5600 3 940 -151.6600 -13.5400 4 1019 -140.3600 -22.0300 7 962 -103.9600 -42.7700 10 849 -82.8700 -91.4300 13 778 -16.5600 -101.9400
-3.8566971543e-01 -2.1666200277e-01 -1.9028180254e+00
157 109 38
9 5 1671 -196.8200 -28.5600 14 1085 -75.4500 -114.6600 0 690 -220.5800 10.1800 1 1230 -222.3300 2.6200 2 698 -224.8600 -3.6100 3 1513 -218.7800 -8.8800 4 1024 -207.0700 -17.6300 6 1434 -185.0700 -37.1700 7 963 -172.2600 -41.2600
-3.5342292383e-01 -1.7209609303e-01 -1.8566569916e+00
155 104 29
9 5 1052 -174.7400 4.6000 14 673 -49.2800 -87.8700 0 712 -199.3800 43.9200 1 760 -200.8100 36.2900 4 1057 -186.1900 16.3100 7 991 -151.5100 -6.5800 8 897 -148.4300 -13.3800 9 904 -143.8800 -38.8200 10 869 -131.8500 -53.4100
-3.8048781357e-01 -1.6827268914e-01 -1.8782063084e+00
94 58 1
14 5 1055 -193.0300 6.2800 14 683 -71.9500 -82.7400 0 715 -217.2600 45.6900 1 1266 -218.6700 38.1500 2 716 -222.0100 31.8900 3 971 -215.1100 26.2500 4 1060 -204.4700 18.1500 6 893 -182.3400 -1.4100 7 994 -170.0800 -5.4000 8 898 -167.1000 -11.8500 9 1467 -162.1800 -37.4700 10 871 -151.1700 -51.5200 13 1223 -90.5900 -59.2400 11 553 -134.5000 -78.8200
-3.6446203227e-01 -1.6868161614e-01 -1.8625826075e+00
154 104 31
11 5 1054 -182.5500 6.7300 14 680 -57.8700 -85.0100 0 716 -206.8200 46.0700 1 762 -208.7900 38.6600 2 717 -211.7800 32.5100 3 972 -204.8300 26.6400 8 899 -156.1300 -11.4500 9 907 -151.4800 -36.7600 10 872 -140.2900 -50.9900 13 460 -77.7500 -59.6100 11 551 -122.1000 -79.5900
-1.5942161573e-01 -9.5962827831e-02 -1.7704868701e+00
157 110 47
