# Bundle file v0.3
200 9091
5.3200000000e+02 0.0000000000e+00 0.0000000000e+00
9.5115403692e-01 5.5860931812e-02 3.0362074096e-01
-9.9364121781e-02 9.8655286366e-01 1.2976986746e-01
-2.9228884574e-01 -1.5360014158e-01 9.4391431134e-01
6.4890432829e-01 4.4544106298e-01 9.2835025650e-01
5.3200000000e+02 0.0000000000e+00 0.0000000000e+00
9.5117115550e-01 5.5224172179e-02 3.0368359152e-01
-1.0107310900e-01 9.8534685260e-01 1.3738925249e-01
-2.9164646335e-01 -1.6137493879e-01 9.4281518313e-01
6.4601212712e-01 4.4940407990e-01 9.2207360267e-01
5.3200000000e+02 0.0000000000e+00 0.0000000000e+00
9.5134654056e-01 5.3734047721e-02 3.0340140389e-01
-1.0166676025e-01 9.8427297537e-01 1.4446653531e-01
-2.9086703084e-01 -1.6828357638e-01 9.4184765663e-01
6.4041382871e-01 4.5445395153e-01 9.1675470432e-01
5.3200000000e+02 0.0000000000e+00 0.0000000000e+00
9.5171070034e-01 5.2031012294e-02 3.0255498116e-01
-9.9399814622e-02 9.8466998004e-01 1.4333425014e-01
-2.9045898112e-01 -1.6648664862e-01 9.4229282928e-01
6.4920152720e-01 4.4494270103e-01 9.2139545039e-01
5.3200000000e+02 0.0000000000e+00 0.0000000000e+00
9.5210872892e-01 5.0336820862e-02 3.0158775303e-01
-9.7942281870e-02 9.8459153768e-01 1.4486826208e-01
-2.8964854174e-01 -1.6746852958e-01 9.4236830054e-01
6.6209651739e-01 4.3736148963e-01 9.2222514591e-01
5.3200000000e+02 0.0000000000e+00 0.0000000000e+00
9.5382339273e-01 3.5686705295e-02 2.9824049784e-01
-8.4103606592e-02 9.8493063829e-01 1.5112319849e-01
-2.8835311486e-01 -1.6922794341e-01 9.4245126363e-01
6.6896728705e-01 4.3883721120e-01 9.2274214709e-01
5.3200000000e+02 0.0000000000e+00 0.0000000000e+00
9.5530339773e-01 2.0171122039e-02 2.9493820389e-01
-6.9243957061e-02 9.8518357687e-01 1.5690313660e-01
-2.8740336235e-01 -1.7031278783e-01 9.4254594668e-01
6.7492744637e-01 4.4541157630e-01 9.2328249139e-01
5.3200000000e+02 0.0000000000e+00 0.0000000000e+00
9.5640666336e-01 1.0893328193e-02 2.9183493568e-01
-6.0191928514e-02 9.8520084722e-01 1.6048745239e-01
-2.8576778339e-01 -1.7105737644e-01 9.4290834546e-01
6.8428890987e-01 4.5021444758e-01 9.2417607541e-01
5.3200000000e+02 0.0000000000e+00 0.0000000000e+00
9.5591581327e-01 1.5780277324e-02 2.9321654248e-01
-6.4837158068e-02 9.8525169463e-01 1.5835163773e-01
-2.8639326261e-01 -1.7038216187e-01 9.4284082328e-01
6.9243008954e-01 4.3592460076e-01 9.2682575546e-01
5.3200000000e+02 0.0000000000e+00 0.0000000000e+00
9.5581235455e-01 1.3320834777e-02 2.9367549822e-01
-6.1784680408e-02 9.8576349058e-01 1.5637453089e-01
-2.8741154494e-01 -1.6760935536e-01 9.4302794647e-01
6.9948328736e-01 3.9957194105e-01 9.2861500570e-01
5.3200000000e+02 0.0000000000e+00 0.0000000000e+00
9.5528870838e-01 1.3740586050e-02 2.9535517589e-01
-6.0262103058e-02 9.8700034252e-01 1.4899262667e-01
-2.8946841377e-01 -1.6012969794e-01 9.4369831899e-01
7.2050935622e-01 3.6813385542e-01 9.4004378410e-01
5.3200000000e+02 0.0000000000e+00 0.0000000000e+00
9.5636245215e-01 1.1602792442e-02 2.9195245387e-01
-5.0807972048e-02 9.9059214955e-01 1.2706590111e-01
-2.8773148957e-01 -1.3635456888e-01 9.4795465158e-01
7.4344829415e-01 2.9682473861e-01 9.7549520509e-01
5.3200000000e+02 0.0000000000e+00 0.0000000000e+00
9.6084287011e-01 9.6377608313e-03 2.7692614994e-01
-3.5195486878e-02 9.9554528726e-01 8.7469187206e-02
-2.7484951639e-01 -9.3790695557e-02 9.5690179683e-01
7.4886143287e-01 2.4204449464e-01 1.0122719150e+00
5.3200000000e+02 0.0000000000e+00 0.0000000000e+00
9.6257569280e-01 7.3626293897e-03 2.7091295155e-01
-1.8234642577e-02 9.9912513811e-01 3.7635836704e-02
-2.7039884142e-01 -4.1167342430e-02 9.6186782693e-01
7.6308790358e-01 1.6753191414e-01 1.0389837855e+00
5.3200000000e+02 0.0000000000e+00 0.0000000000e+00
9.5888928960e-01 2.9717320010e-03 2.8376486587e-01
-9.6079342749e-03 9.9971186101e-01 2.1997330512e-02
-2.8361773198e-01 -2.3819398809e-02 9.5864154842e-01
8.0805983464e-01 1.0767428668e-01 1.0137766561e+00
5.3200000000e+02 0.0000000000e+00 0.0000000000e+00
9.5712268489e-01 -2.2883370527e-02 2.8877762624e-01
1.7270100032e-02 9.9960942589e-01 2.1971329449e-02
-2.8916761525e-01 -1.6042039341e-02 9.5714405565e-01
8.4468437377e-01 5.5765287794e-02 9.6680563658e-01
5.3200000000e+02 0.0000000000e+00 0.0000000000e+00
9.5576622062e-01 -3.2343114357e-02 2.9234372658e-01
3.0899665112e-02 9.9947681972e-01 9.5549747793e-03
-2.9249981574e-01 -9.8998884067e-05 9.5626557399e-01
8.7860132310e-01 9.6443524295e-02 9.2645372000e-01
5.3200000000e+02 0.0000000000e+00 0.0000000000e+00
9.5219240875e-01 -4.1591628134e-02 3.0265451125e-01
5.1474248839e-02 9.9836767298e-01 -2.4746540085e-02
-3.0113123123e-01 3.9142381237e-02 9.5277901718e-01
9.0831810793e-01 1.4048047019e-01 9.0053906805e-01
5.3200000000e+02 0.0000000000e+00 0.0000000000e+00
9.4558356172e-01 -2.8184087858e-02 3.2415642057e-01
3.0442674237e-02 9.9953471311e-01 -1.8975967247e-03
-3.2395211281e-01 1.1662524583e-02 9.4600159309e-01
9.5336890975e-01 2.5892089659e-01 8.5911128827e-01
5.3200000000e+02 0.0000000000e+00 0.0000000000e+00
9.4288644402e-01 -5.6814996956e-02 3.2823346845e-01
6.8843412873e-02 9.9731085677e-01 -2.5132438520e-02
-3.2592290223e-01 4.6293747773e-02 9.4426222561e-01
9.6161228962e-01 2.6317192837e-01 8.5098125114e-01
5.3200000000e+02 0.0000000000e+00 0.0000000000e+00
9.4092243584e-01 -1.1832615683e-01 3.1727573235e-01
1.4058804945e-01 9.8889769624e-01 -4.8128439963e-02
-3.0805838746e-01 8.9890305312e-02 9.4711127273e-01
9.4488854879e-01 2.8081285028e-01 8.5813155110e-01
5.3200000000e+02 0.0000000000e+00 0.0000000000e+00
9.5164827225e-01 -1.4295976566e-01 2.7189717049e-01
1.8755508775e-01 9.7138698133e-01 -1.4570662843e-01
-2.4328718621e-01 1.8965715887e-01 9.5123157386e-01
9.0519631023e-01 2.0341208667e-01 8.8236082071e-01
5.3200000000e+02 0.0000000000e+00 0.0000000000e+00
9.5296770885e-01 -1.7187528252e-01 2.4962258139e-01
2.3105640583e-01 9.4502142063e-01 -2.3140322359e-01
-1.9612619206e-01 2.7819669627e-01 9.4028778306e-01
8.5924714017e-01 1.3600965739e-01 8.9734282352e-01
5.3200000000e+02 0.0000000000e+00 0.0000000000e+00
9.4407391593e-01 -2.1346398753e-01 2.5131169349e-01
2.7842463581e-01 9.2438460732e-01 -2.6075432869e-01
-1.7664700233e-01 3.1614272692e-01 9.3212102904e-01
8.6016645998e-01 1.4302426816e-01 8.8077268238e-01
0 0 0
0 0 0
0 0 0
0 0 0
0 0 0
5.3200000000e+02 0.0000000000e+00 0.0000000000e+00
8.5975438806e-01 -3.0022151621e-01 4.1314577744e-01
3.6779395691e-01 9.2524216531e-01 -9.3029784478e-02
-3.5433035075e-01 2.3193528569e-01 9.0590067104e-01
1.0189533729e+00 3.4248570338e-01 8.3420436906e-01
0 0 0
0 0 0
0 0 0
0 0 0
0 0 0
5.3200000000e+02 0.0000000000e+00 0.0000000000e+00
8.2376231951e-01 -3.4655278701e-01 4.4868341485e-01
4.0865270202e-01 9.1151828205e-01 -4.6231921991e-02
-3.9296133408e-01 2.2143980513e-01 8.9249414711e-01
1.0661988037e+00 4.9296992047e-01 8.0889070606e-01
5.3200000000e+02 0.0000000000e+00 0.0000000000e+00
8.0237064237e-01 -3.7576360960e-01 4.6368422656e-01
4.2167150821e-01 9.0673412569e-01 5.1346346646e-03
-4.2236772063e-01 1.9140254704e-01 8.8598565088e-01
1.1130873188e+00 5.8731963383e-01 7.6444250191e-01
5.3200000000e+02 0.0000000000e+00 0.0000000000e+00
7.8725936768e-01 -3.9556783465e-01 4.7302090460e-01
4.3229242887e-01 9.0108961471e-01 3.4069960432e-02
-4.3971120515e-01 1.7766146025e-01 8.8039222033e-01
1.1472889860e+00 6.8131968997e-01 7.2776836410e-01
5.3200000000e+02 0.0000000000e+00 0.0000000000e+00
7.6346798585e-01 -4.1809137264e-01 4.9225627341e-01
4.4918472907e-01 8.9139309450e-01 6.0427065476e-02
-4.6405787759e-01 1.7497987084e-01 8.6835035041e-01
1.1883269519e+00 7.4846721510e-01 6.8566773850e-01
5.3200000000e+02 0.0000000000e+00 0.0000000000e+00
7.4667801210e-01 -4.2538957361e-01 5.1138601557e-01
4.4359591004e-01 8.9131227236e-01 9.3728873582e-02
-4.9567591715e-01 1.5686345596e-01 8.5422435071e-01
1.2106815177e+00 8.0474550830e-01 6.4085858261e-01
5.3200000000e+02 0.0000000000e+00 0.0000000000e+00
7.1021784408e-01 -4.4279017396e-01 5.4729103391e-01
4.5292836190e-01 8.8255872332e-01 1.2627746782e-01
-5.3893089812e-01 1.5819912052e-01 8.2736118190e-01
1.2217545836e+00 8.3569774061e-01 5.8429541810e-01
5.3200000000e+02 0.0000000000e+00 0.0000000000e+00
6.6924057724e-01 -4.6765771416e-01 5.7741952874e-01
4.7519772847e-01 8.6678149755e-01 1.5125129541e-01
-5.7123039891e-01 1.7316494418e-01 8.0231523323e-01
1.2136953111e+00 8.8197697412e-01 5.3305682384e-01
5.3200000000e+02 0.0000000000e+00 0.0000000000e+00
6.4231998042e-01 -4.8201076794e-01 5.9589484168e-01
4.9892069086e-01 8.5315761913e-01 1.5231618808e-01
-5.8181026717e-01 1.9946853515e-01 7.8848533056e-01
1.2127490375e+00 9.0816423893e-01 5.0803147977e-01
5.3200000000e+02 0.0000000000e+00 0.0000000000e+00
6.1795962333e-01 -4.9977699526e-01 6.0691750589e-01
5.2157473619e-01 8.3822402387e-01 1.5918630712e-01
-5.8829048820e-01 2.1818212763e-01 7.7865965651e-01
1.2234132351e+00 9.5005858048e-01 4.7187455990e-01
5.3200000000e+02 0.0000000000e+00 0.0000000000e+00
6.0901466185e-01 -5.0471170043e-01 6.1185557209e-01
5.2619923029e-01 8.3430773435e-01 1.6445356319e-01
-5.9347747362e-01 2.2180329990e-01 7.7368455100e-01
1.2978160586e+00 9.9057942331e-01 4.3347594491e-01
0 0 0
0 0 0
0 0 0
0 0 0
0 0 0
5.3200000000e+02 0.0000000000e+00 0.0000000000e+00
5.7043327481e-01 -5.3717895632e-01 6.2132491329e-01
4.4781838360e-01 8.3755484822e-01 3.1298653570e-01
-6.8852347404e-01 9.9702783828e-02 7.1832776683e-01
1.4222117852e+00 1.1470288109e+00 2.5771722555e-01
5.3200000000e+02 0.0000000000e+00 0.0000000000e+00
5.5190317484e-01 -5.5640123814e-01 6.2114454662e-01
4.1715183575e-01 8.2917342014e-01 3.7209647307e-01
-7.2207148645e-01 5.3750363054e-02 6.8972724097e-01
1.4614103277e+00 1.2057323226e+00 1.6268007381e-01
5.3200000000e+02 0.0000000000e+00 0.0000000000e+00
5.3065327665e-01 -5.7052428805e-01 6.2682464592e-01
4.1112493832e-01 8.1997137293e-01 3.9827532269e-01
-7.4120401042e-01 4.6357138897e-02 6.6967725854e-01
1.5120518883e+00 1.2627198227e+00 9.6534180456e-02
5.3200000000e+02 0.0000000000e+00 0.0000000000e+00
5.2018222391e-01 -5.7821745662e-01 6.2854993977e-01
4.1112867035e-01 8.1460780343e-01 4.0912998303e-01
-7.4858778400e-01 4.5592756544e-02 6.6146627291e-01
1.5816705787e+00 1.3081550833e+00 6.6903664371e-02
5.3200000000e+02 0.0000000000e+00 0.0000000000e+00
5.0447259231e-01 -5.9121796002e-01 6.2926046067e-01
4.2421436340e-01 8.0448060995e-01 4.1575608487e-01
-7.5203030357e-01 5.7203775835e-02 6.5664156930e-01
1.6350159851e+00 1.3714501805e+00 5.5723562216e-02
5.3200000000e+02 0.0000000000e+00 0.0000000000e+00
4.8913127059e-01 -5.9415794511e-01 6.3853499231e-01
4.4465158695e-01 7.9967648598e-01 4.0348789820e-01
-7.5035695929e-01 8.6567049341e-02 6.5534004884e-01
1.6885282898e+00 1.4149390068e+00 4.8535862850e-02
5.3200000000e+02 0.0000000000e+00 0.0000000000e+00
4.5568919792e-01 -6.0180335622e-01 6.5588114422e-01
4.6808749710e-01 7.8873425476e-01 3.9848760385e-01
-7.5712710291e-01 1.2542326661e-01 6.4111430668e-01
1.7171551482e+00 1.4475142106e+00 1.3195497516e-02
5.3200000000e+02 0.0000000000e+00 0.0000000000e+00
4.0951623984e-01 -6.1304802570e-01 6.7562457585e-01
5.0347504375e-01 7.6945049280e-01 3.9301249274e-01
-7.6079519558e-01 1.7921511465e-01 6.2375685412e-01
1.7099709585e+00 1.4923352478e+00 -3.1566193406e-02
5.3200000000e+02 0.0000000000e+00 0.0000000000e+00
3.6161800819e-01 -6.2721841669e-01 6.8980393875e-01
5.2113919133e-01 7.4947986849e-01 4.0828160623e-01
-7.7307590792e-01 2.1184188560e-01 5.9789351568e-01
1.6932224281e+00 1.5312904234e+00 -9.7093555401e-02
5.3200000000e+02 0.0000000000e+00 0.0000000000e+00
3.4956206738e-01 -6.2308752889e-01 6.9969156947e-01
5.1827438999e-01 7.5073666546e-01 4.0961703556e-01
-7.8051138219e-01 2.1944564356e-01 5.8535936978e-01
1.7610432848e+00 1.5125754660e+00 -1.2902981880e-01
5.3200000000e+02 0.0000000000e+00 0.0000000000e+00
3.1212489039e-01 -6.3809542486e-01 7.0385529875e-01
5.3230182450e-01 7.3111611635e-01 4.2675987634e-01
-7.8691347710e-01 2.4146108008e-01 5.6785889653e-01
1.7395602211e+00 1.5381139242e+00 -1.6173188903e-01
5.3200000000e+02 0.0000000000e+00 0.0000000000e+00
2.8315129982e-01 -6.5230494835e-01 7.0308150009e-01
5.4418317375e-01 7.1292131243e-01 4.4227579144e-01
-7.8974047308e-01 2.5737415690e-01 5.5683797333e-01
1.7299856837e+00 1.5759574530e+00 -1.7824548329e-01
0 0 0
0 0 0
0 0 0
0 0 0
0 0 0
0 0 0
0 0 0
0 0 0
0 0 0
0 0 0
0 0 0
0 0 0
0 0 0
0 0 0
0 0 0
0 0 0
0 0 0
0 0 0
0 0 0
0 0 0
0 0 0
0 0 0
0 0 0
0 0 0
0 0 0
0 0 0
0 0 0
0 0 0
0 0 0
0 0 0
5.3200000000e+02 0.0000000000e+00 0.0000000000e+00
9.1430482782e-01 -2.6268793255e-01 3.0828839081e-01
9.4450429457e-02 8.7845306436e-01 4.6840082204e-01
-3.9386012516e-01 -3.9914316204e-01 8.2798486581e-01
1.9754428877e+00 1.2773360871e+00 4.6071611224e-01
5.3200000000e+02 0.0000000000e+00 0.0000000000e+00
9.1315407545e-01 -2.7667549657e-01 2.9933309889e-01
1.2441817703e-01 8.8849827206e-01 4.4169099807e-01
-3.8816201735e-01 -3.6608945649e-01 8.4575927907e-01
1.9520470457e+00 1.2904900108e+00 5.1196112960e-01
5.3200000000e+02 0.0000000000e+00 0.0000000000e+00
9.0792701424e-01 -3.0342554981e-01 2.8913919234e-01
1.5871609493e-01 8.8738562509e-01 4.3284633947e-01
-3.8791460146e-01 -3.4710184112e-01 8.5383989943e-01
1.9142710400e+00 1.3355865430e+00 5.3304442107e-01
5.3200000000e+02 0.0000000000e+00 0.0000000000e+00
9.0837349422e-01 -3.0460092457e-01 2.8648886847e-01
1.6789309180e-01 8.9314119116e-01 4.1726576948e-01
-3.8297454841e-01 -3.3093366314e-01 8.6244617564e-01
1.9085989346e+00 1.3293839703e+00 5.6197772134e-01
5.3200000000e+02 0.0000000000e+00 0.0000000000e+00
9.0589740632e-01 -2.9381891467e-01 3.0499235172e-01
1.5075044451e-01 8.9672929609e-01 4.1611401444e-01
-3.9575774497e-01 -3.3097887383e-01 8.5663807549e-01
1.9278596488e+00 1.2973906672e+00 5.3957542633e-01
5.3200000000e+02 0.0000000000e+00 0.0000000000e+00
8.8897712017e-01 -3.1249389038e-01 3.3476446688e-01
1.5508128592e-01 8.9323760661e-01 4.2199096305e-01
-4.3089380892e-01 -3.2322460707e-01 8.4252974951e-01
1.9831434860e+00 1.2637220958e+00 5.1655525266e-01
5.3200000000e+02 0.0000000000e+00 0.0000000000e+00
8.7568623713e-01 -3.1848866900e-01 3.6295809927e-01
1.3772024309e-01 8.8515862711e-01 4.4444047914e-01
-4.6282474950e-01 -3.3920373314e-01 8.1898356435e-01
2.0454107278e+00 1.2577447081e+00 4.6657094437e-01
5.3200000000e+02 0.0000000000e+00 0.0000000000e+00
8.4047333771e-01 -3.8334451901e-01 3.8295110436e-01
1.7106542627e-01 8.5831995660e-01 4.8375972552e-01
-5.1414121457e-01 -3.4107745725e-01 7.8697203231e-01
2.0258559224e+00 1.3159739023e+00 4.1808975899e-01
0 0 0
0 0 0
0 0 0
0 0 0
0 0 0
0 0 0
0 0 0
0 0 0
0 0 0
0 0 0
5.3200000000e+02 0.0000000000e+00 0.0000000000e+00
6.6110629401e-01 -5.7761565655e-01 4.7885135620e-01
2.1634530572e-01 7.5786813356e-01 6.1549216147e-01
-7.1842409252e-01 -3.0330849881e-01 6.2599582893e-01
1.8562608184e+00 1.4267328797e+00 9.8982520711e-02
0 0 0
0 0 0
0 0 0
0 0 0
0 0 0
0 0 0
0 0 0
0 0 0
0 0 0
0 0 0
5.3200000000e+02 0.0000000000e+00 0.0000000000e+00
5.6682665489e-01 -6.3268778245e-01 5.2764923315e-01
2.6199689304e-01 7.4566386689e-01 6.1265245094e-01
-7.8106668815e-01 -2.0902527968e-01 5.8842438861e-01
1.8881777155e+00 1.4726005779e+00 1.5600600618e-02
5.3200000000e+02 0.0000000000e+00 0.0000000000e+00
5.6479113820e-01 -6.4821225450e-01 5.1071698946e-01
2.6165864870e-01 7.2760737369e-01 6.3413110735e-01
-7.8265300214e-01 -2.2451811256e-01 5.8055653934e-01
1.9129831701e+00 1.4966917477e+00 8.1175884423e-03
5.3200000000e+02 0.0000000000e+00 0.0000000000e+00
5.6693948119e-01 -6.4881628893e-01 5.0755989586e-01
3.0267913727e-01 7.3712420877e-01 6.0417980826e-01
-7.6613638768e-01 -1.8890559565e-01 6.1428797107e-01
1.9382761684e+00 1.5021253442e+00 1.1056632488e-01
5.3200000000e+02 0.0000000000e+00 0.0000000000e+00
5.5825328213e-01 -6.6347905865e-01 4.9814537208e-01
3.6630372057e-01 7.3582706723e-01 5.6954377482e-01
-7.4442921576e-01 -1.3547717843e-01 6.5381272307e-01
1.9347232368e+00 1.5309268890e+00 2.2723382310e-01
0 0 0
0 0 0
0 0 0
0 0 0
0 0 0
0 0 0
0 0 0
0 0 0
0 0 0
0 0 0
0 0 0
0 0 0
0 0 0
0 0 0
0 0 0
5.3200000000e+02 0.0000000000e+00 0.0000000000e+00
1.9594376937e-01 -7.1773864875e-01 6.6817458148e-01
3.6710930057e-01 6.8552384729e-01 6.2871918710e-01
-9.0930566955e-01 1.2209949587e-01 3.9781265996e-01
1.7432032519e+00 1.4757630260e+00 -3.7806095617e-01
5.3200000000e+02 0.0000000000e+00 0.0000000000e+00
1.4842071443e-01 -7.4840761002e-01 6.4641885863e-01
3.8113634875e-01 6.4645177816e-01 6.6093508166e-01
-9.1252746544e-01 1.4827726653e-01 3.8119217862e-01
1.6744681935e+00 1.5299099852e+00 -4.2989062094e-01
5.3200000000e+02 0.0000000000e+00 0.0000000000e+00
9.3563740681e-02 -7.6840452481e-01 6.3308791861e-01
4.0519028346e-01 6.1022352383e-01 6.8077021465e-01
-9.0943205388e-01 1.9282566537e-01 3.6844484276e-01
1.6167442859e+00 1.5831111847e+00 -4.6501866240e-01
5.3200000000e+02 0.0000000000e+00 0.0000000000e+00
6.8607697304e-02 -7.8074425365e-01 6.2107277695e-01
4.4537065040e-01 5.8103148493e-01 6.8121024456e-01
-8.9271382180e-01 2.2987132036e-01 3.8758380828e-01
1.6028962378e+00 1.6357013707e+00 -4.1063357604e-01
5.3200000000e+02 0.0000000000e+00 0.0000000000e+00
4.3417401527e-02 -7.8734450621e-01 6.1498256706e-01
4.8770718303e-01 5.5393609522e-01 6.7475662726e-01
-8.7192696533e-01 2.7063523598e-01 4.0804403707e-01
1.5916687122e+00 1.6865137845e+00 -3.6211612223e-01
5.3200000000e+02 0.0000000000e+00 0.0000000000e+00
7.0250052876e-03 -7.9516781161e-01 6.0634874510e-01
5.1797766021e-01 5.2156886806e-01 6.7798603186e-01
-8.5536529788e-01 3.0931224880e-01 4.1554318659e-01
1.5672569225e+00 1.7278977916e+00 -3.4403112403e-01
5.3200000000e+02 0.0000000000e+00 0.0000000000e+00
-6.4033903999e-02 -7.9840391942e-01 5.9870764200e-01
5.0966724276e-01 4.8963338747e-01 7.0745914902e-01
-8.5798540827e-01 3.5044304435e-01 3.7556718689e-01
1.4905524361e+00 1.7676603389e+00 -4.3779493959e-01
5.3200000000e+02 0.0000000000e+00 0.0000000000e+00
-1.4401805813e-01 -7.9682304634e-01 5.8679794799e-01
4.8901593937e-01 4.5821023537e-01 7.4223095546e-01
-8.6030355687e-01 3.9384821065e-01 3.2366862220e-01
1.3960080112e+00 1.8034659709e+00 -5.7290825978e-01
5.3200000000e+02 0.0000000000e+00 0.0000000000e+00
-2.1037388886e-01 -7.9042777296e-01 5.7529710813e-01
4.6867081790e-01 4.3489437176e-01 7.6890477295e-01
-8.5795716171e-01 4.3138245345e-01 2.7896001061e-01
1.3220509143e+00 1.8243262168e+00 -6.9041693526e-01
5.3200000000e+02 0.0000000000e+00 0.0000000000e+00
-3.1531956515e-01 -7.5220882412e-01 5.7858055339e-01
4.3285478668e-01 4.2856510634e-01 7.9307545876e-01
-8.4451779465e-01 5.0051357080e-01 1.9046222713e-01
1.1816180232e+00 1.8235795713e+00 -9.1403677503e-01
5.3200000000e+02 0.0000000000e+00 0.0000000000e+00
-3.8841227011e-01 -7.3773091538e-01 5.5216755149e-01
4.0169544087e-01 4.0373036564e-01 8.2197479563e-01
-8.2932302585e-01 5.4106828438e-01 1.3952931746e-01
1.0460816265e+00 1.8361890580e+00 -1.0415313505e+00
5.3200000000e+02 0.0000000000e+00 0.0000000000e+00
-3.9887232287e-01 -7.6233489809e-01 5.0965318914e-01
3.8829543258e-01 3.6308464753e-01 8.4699244138e-01
-8.3073914503e-01 5.3573784809e-01 1.5118674227e-01
9.9020568948e-01 1.8929786565e+00 -1.0029362819e+00
5.3200000000e+02 0.0000000000e+00 0.0000000000e+00
-4.1688721596e-01 -7.6598524911e-01 4.8935840374e-01
3.3409804381e-01 3.7155692276e-01 8.6621241637e-01
-8.4533043616e-01 5.2460656810e-01 1.0101684221e-01
9.3553108648e-01 1.8658067712e+00 -1.1267025260e+00
5.3200000000e+02 0.0000000000e+00 0.0000000000e+00
-4.1158128284e-01 -7.7008379830e-01 4.8741336790e-01
3.3706654679e-01 3.6826803018e-01 8.6646684933e-01
-8.4675084331e-01 5.2091227816e-01 1.0799725834e-01
9.6859544146e-01 1.8998255905e+00 -1.0925113898e+00
5.3200000000e+02 0.0000000000e+00 0.0000000000e+00
-4.0834394869e-01 -7.8250422054e-01 4.7004506635e-01
3.3923527462e-01 3.4796592551e-01 8.7397891458e-01
-8.4745185587e-01 5.1633986822e-01 1.2336325412e-01
9.8472874966e-01 1.9365449365e+00 -1.0379674106e+00
5.3200000000e+02 0.0000000000e+00 0.0000000000e+00
-4.1064631007e-01 -8.0223002408e-01 4.3335504670e-01
3.1467058550e-01 3.2138762287e-01 8.9313628214e-01
-8.5577568945e-01 5.0312720492e-01 1.2046154995e-01
9.6255868948e-01 1.9540484157e+00 -1.0331627290e+00
5.3200000000e+02 0.0000000000e+00 0.0000000000e+00
-4.2413994629e-01 -8.1071273015e-01 4.0354699248e-01
2.9547980629e-01 2.9733766856e-01 9.0789977141e-01
-8.5603562428e-01 5.0431654745e-01 1.1343645768e-01
9.2208151703e-01 1.9803684037e+00 -1.0307388717e+00
0 0 0
0 0 0
0 0 0
0 0 0
0 0 0
0 0 0
0 0 0
0 0 0
0 0 0
0 0 0
0 0 0
0 0 0
0 0 0
0 0 0
0 0 0
0 0 0
0 0 0
0 0 0
0 0 0
0 0 0
0 0 0
0 0 0
0 0 0
0 0 0
0 0 0
0 0 0
0 0 0
0 0 0
0 0 0
0 0 0
5.3200000000e+02 0.0000000000e+00 0.0000000000e+00
-5.0224745379e-01 -8.1235509222e-01 2.9635569728e-01
3.1028559899e-01 1.5058846175e-01 9.3864048615e-01
-8.0713712727e-01 5.6338469924e-01 1.7642941490e-01
7.1603750631e-01 2.1361326530e+00 -8.6023064023e-01
0 0 0
0 0 0
0 0 0
0 0 0
0 0 0
5.3200000000e+02 0.0000000000e+00 0.0000000000e+00
-4.9066987430e-01 -8.2106535710e-01 2.9171005096e-01
3.7127606137e-01 1.0586153874e-01 9.2246811374e-01
-7.8828748608e-01 5.6093227219e-01 2.5289884400e-01
7.3270994252e-01 2.2115243505e+00 -7.0368474684e-01
5.3200000000e+02 0.0000000000e+00 0.0000000000e+00
-4.8070110267e-01 -8.3613317568e-01 2.6421158645e-01
3.3924589399e-01 1.0051560764e-01 9.3531215967e-01
-8.0860291448e-01 5.3923828234e-01 2.3533678325e-01
7.2219908583e-01 2.1990923768e+00 -7.6592034700e-01
5.3200000000e+02 0.0000000000e+00 0.0000000000e+00
-4.4936280312e-01 -8.6236454885e-01 2.3323905344e-01
3.2359912989e-01 8.6225463425e-02 9.4225727516e-01
-8.3268041547e-01 4.9889132518e-01 2.4031390171e-01
7.4599147189e-01 2.1945349967e+00 -7.5828885092e-01
0 0 0
0 0 0
0 0 0
0 0 0
0 0 0
5.3200000000e+02 0.0000000000e+00 0.0000000000e+00
-4.2858293399e-01 -8.9187107599e-01 1.4450831292e-01
2.7082755049e-01 2.5772558784e-02 9.6228281348e-01
-8.6195655725e-01 4.5155482394e-01 2.3049758000e-01
6.6268428133e-01 2.2041150167e+00 -8.0091344294e-01
0 0 0
0 0 0
0 0 0
0 0 0
0 0 0
0 0 0
0 0 0
0 0 0
0 0 0
0 0 0
0 0 0
0 0 0
0 0 0
0 0 0
0 0 0
0 0 0
0 0 0
0 0 0
0 0 0
0 0 0
0 0 0
0 0 0
0 0 0
0 0 0
0 0 0
0 0 0
0 0 0
0 0 0
0 0 0
0 0 0
0 0 0
0 0 0
0 0 0
0 0 0
0 0 0
0 0 0
0 0 0
0 0 0
0 0 0
0 0 0
0 0 0
0 0 0
0 0 0
0 0 0
0 0 0
0 0 0
0 0 0
0 0 0
0 0 0
0 0 0
0 0 0
0 0 0
0 0 0
0 0 0
0 0 0
0 0 0
0 0 0
0 0 0
0 0 0
0 0 0
0 0 0
0 0 0
0 0 0
0 0 0
0 0 0
0 0 0
0 0 0
0 0 0
0 0 0
0 0 0
0 0 0
0 0 0
0 0 0
0 0 0
0 0 0
0 0 0
0 0 0
0 0 0
0 0 0
0 0 0
0 0 0
0 0 0
0 0 0
0 0 0
0 0 0
0 0 0
0 0 0
0 0 0
0 0 0
0 0 0
0 0 0
0 0 0
0 0 0
0 0 0
0 0 0
0 0 0
0 0 0
0 0 0
0 0 0
0 0 0
0 0 0
0 0 0
0 0 0
0 0 0
0 0 0
0 0 0
0 0 0
0 0 0
0 0 0
0 0 0
0 0 0
0 0 0
0 0 0
0 0 0
0 0 0
0 0 0
0 0 0
0 0 0
0 0 0
0 0 0
0 0 0
0 0 0
0 0 0
0 0 0
0 0 0
0 0 0
0 0 0
0 0 0
0 0 0
0 0 0
0 0 0
0 0 0
0 0 0
0 0 0
0 0 0
0 0 0
0 0 0
0 0 0
0 0 0
0 0 0
0 0 0
0 0 0
0 0 0
0 0 0
0 0 0
0 0 0
0 0 0
0 0 0
0 0 0
0 0 0
0 0 0
0 0 0
0 0 0
0 0 0
0 0 0
0 0 0
0 0 0
0 0 0
0 0 0
0 0 0
0 0 0
0 0 0
0 0 0
0 0 0
0 0 0
0 0 0
0 0 0
0 0 0
0 0 0
0 0 0
0 0 0
0 0 0
0 0 0
0 0 0
0 0 0
0 0 0
0 0 0
0 0 0
0 0 0
0 0 0
0 0 0
0 0 0
0 0 0
0 0 0
0 0 0
0 0 0
0 0 0
0 0 0
0 0 0
0 0 0
0 0 0
0 0 0
0 0 0
0 0 0
0 0 0
0 0 0
0 0 0
0 0 0
0 0 0
0 0 0
0 0 0
0 0 0
0 0 0
0 0 0
0 0 0
0 0 0
0 0 0
0 0 0
0 0 0
0 0 0
0 0 0
0 0 0
0 0 0
0 0 0
0 0 0
0 0 0
0 0 0
0 0 0
0 0 0
0 0 0
0 0 0
0 0 0
0 0 0
0 0 0
0 0 0
0 0 0
0 0 0
0 0 0
0 0 0
0 0 0
0 0 0
0 0 0
0 0 0
0 0 0
0 0 0
0 0 0
0 0 0
0 0 0
0 0 0
0 0 0
0 0 0
0 0 0
0 0 0
0 0 0
0 0 0
0 0 0
0 0 0
0 0 0
0 0 0
0 0 0
0 0 0
0 0 0
0 0 0
0 0 0
0 0 0
0 0 0
0 0 0
0 0 0
0 0 0
0 0 0
0 0 0
0 0 0
0 0 0
0 0 0
0 0 0
0 0 0
0 0 0
0 0 0
0 0 0
0 0 0
0 0 0
0 0 0
0 0 0
0 0 0
0 0 0
0 0 0
0 0 0
0 0 0
0 0 0
0 0 0
0 0 0
0 0 0
0 0 0
0 0 0
0 0 0
0 0 0
0 0 0
0 0 0
0 0 0
0 0 0
0 0 0
0 0 0
0 0 0
0 0 0
0 0 0
0 0 0
0 0 0
0 0 0
0 0 0
0 0 0
0 0 0
0 0 0
0 0 0
0 0 0
0 0 0
0 0 0
0 0 0
0 0 0
0 0 0
0 0 0
0 0 0
0 0 0
0 0 0
0 0 0
0 0 0
0 0 0
0 0 0
0 0 0
0 0 0
0 0 0
0 0 0
0 0 0
0 0 0
0 0 0
0 0 0
0 0 0
0 0 0
0 0 0
0 0 0
0 0 0
0 0 0
0 0 0
0 0 0
0 0 0
0 0 0
0 0 0
0 0 0
0 0 0
0 0 0
0 0 0
0 0 0
0 0 0
0 0 0
0 0 0
0 0 0
0 0 0
0 0 0
0 0 0
0 0 0
0 0 0
0 0 0
0 0 0
0 0 0
0 0 0
0 0 0
0 0 0
0 0 0
0 0 0
0 0 0
0 0 0
0 0 0
0 0 0
0 0 0
0 0 0
0 0 0
0 0 0
0 0 0
0 0 0
0 0 0
0 0 0
0 0 0
0 0 0
0 0 0
0 0 0
0 0 0
0 0 0
0 0 0
0 0 0
0 0 0
0 0 0
0 0 0
0 0 0
0 0 0
0 0 0
0 0 0
0 0 0
0 0 0
0 0 0
0 0 0
0 0 0
0 0 0
0 0 0
0 0 0
0 0 0
0 0 0
0 0 0
0 0 0
0 0 0
0 0 0
0 0 0
0 0 0
0 0 0
0 0 0
0 0 0
0 0 0
0 0 0
0 0 0
0 0 0
0 0 0
0 0 0
0 0 0
0 0 0
0 0 0
0 0 0
0 0 0
0 0 0
0 0 0
0 0 0
0 0 0
0 0 0
0 0 0
0 0 0
0 0 0
0 0 0
0 0 0
0 0 0
0 0 0
0 0 0
0 0 0
0 0 0
0 0 0
0 0 0
0 0 0
0 0 0
0 0 0
0 0 0
0 0 0
0 0 0
0 0 0
0 0 0
0 0 0
0 0 0
0 0 0
0 0 0
0 0 0
0 0 0
0 0 0
0 0 0
0 0 0
0 0 0
0 0 0
0 0 0
0 0 0
0 0 0
0 0 0
0 0 0
0 0 0
0 0 0
0 0 0
0 0 0
0 0 0
0 0 0
0 0 0
0 0 0
0 0 0
0 0 0
0 0 0
0 0 0
0 0 0
0 0 0
1.5305405790e-01 -4.8222144454e-01 -1.6953092443e+00
8 10 5
19 5 19 242.2500 -255.2000 14 34 394.2300 -338.4000 0 25 208.3700 -221.5900 1 22 205.6700 -228.9700 2 23 201.8700 -234.6600 3 22 212.4800 -241.8100 4 23 225.2900 -250.3400 6 21 258.1100 -257.7700 7 21 274.6300 -258.0400 8 21 279.1899 -268.3300 9 21 285.2600 -294.6100 10 34 304.2000 -311.3600 13 25 391.4800 -329.3900 11 29 340.2800 -350.3400 15 32 395.7400 -354.2500 12 23 371.8900 -341.6200 18 30 375.7400 -137.5700 16 40 392.7900 -284.1800 17 38 384.0000 -197.5000
1.9496445450e-01 -4.0749543707e-01 -1.6686875243e+00
160 135 84
30 5 28 286.1801 -194.1700 14 27 439.8000 -284.4400 0 34 252.5800 -160.5000 1 29 250.2100 -167.7800 2 31 246.3600 -173.3400 3 28 256.3101 -180.1800 4 31 269.6000 -188.6400 6 26 302.1600 -194.3500 7 29 318.3101 -194.1700 8 32 321.2700 -204.8300 9 34 327.8600 -231.9000 10 39 346.4600 -251.4100 13 29 438.8199 -271.0400 11 34 384.9301 -288.9700 15 25 437.7200 -302.7600 12 27 418.3700 -282.1400 19 19 410.9900 -56.0600 22 23 449.2300 119.1400 23 20 448.3000 163.4100 18 20 411.5300 -93.5400 20 19 420.7800 -7.9000 21 27 446.1899 58.1900 16 17 433.4900 -236.2700 17 23 421.7400 -151.3200 27 29 387.5300 178.2600 25 25 392.0500 124.2000 30 25 390.1400 215.0100 31 26 376.6200 211.6100 33 36 305.3500 202.9600 28 24 392.1300 179.2100
1.2600348604e-01 -4.1060074208e-01 -1.6946637173e+00
24 17 9
24 5 49 221.8199 -194.9900 14 37 374.2500 -284.2900 0 49 189.7400 -160.2100 1 44 187.5400 -167.5300 2 48 184.1100 -172.8900 3 48 193.8199 -179.8100 4 54 206.9000 -188.0800 6 53 237.2900 -195.7700 7 55 252.7700 -196.2400 8 40 257.1500 -205.6700 9 56 263.6300 -232.9800 10 60 282.0200 -251.8100 13 40 371.0800 -270.2700 11 44 318.3000 -288.6700 15 35 378.1200 -301.9500 12 39 351.1000 -280.8000 19 29 360.3199 -58.1100 22 30 398.9200 110.1800 23 26 397.7600 151.2800 18 37 359.7100 -94.3700 20 32 370.8900 -12.4700 21 39 396.0300 52.4000 16 44 377.8400 -235.9100 17 43 369.5800 -150.8700
1.6977671397e-03 -5.1679482695e-01 -1.7221139184e+00
26 98 24
21 5 45 121.0300 -285.7200 14 72 273.0200 -382.8500 0 63 87.3101 -247.9300 1 56 85.4800 -255.4100 2 56 81.3600 -260.9800 3 44 90.6500 -268.4600 4 66 102.9399 -277.2900 6 49 137.4700 -288.8500 8 51 156.5500 -300.8000 9 54 162.6600 -328.4100 10 58 179.4301 -348.6300 13 78 263.6300 -371.2000 11 62 211.3500 -390.2100 15 61 282.0900 -396.1700 12 49 241.3300 -382.7200 19 54 284.6000 -139.7000 18 72 279.2500 -175.3300 20 77 300.6801 -96.8900 21 88 328.5800 -33.4200 16 90 287.4900 -323.7000 17 89 284.0200 -234.4800
4.6495032576e-02 -4.9603556289e-01 -1.7093775275e+00
23 93 21
20 5 62 160.7300 -267.7400 14 74 313.0100 -364.1500 0 66 126.8700 -231.5900 1 59 124.3199 -238.5800 2 58 121.0000 -244.1700 3 62 130.5800 -251.3700 4 68 143.5100 -260.2900 6 61 177.0300 -270.2600 7 66 193.7700 -271.4800 8 69 195.8300 -281.9600 9 68 202.5699 -309.5500 10 76 219.5900 -329.6900 13 80 305.1100 -352.1300 11 89 253.4399 -370.7200 12 77 283.5100 -363.5900 19 84 313.7400 -123.3200 18 74 310.4301 -159.8700 20 104 326.9900 -79.3100 16 91 323.0100 -308.4300 17 68 317.8700 -220.3500
2.5902324696e-01 -4.0177756407e-01 -1.6541883189e+00
20 15 12
15 5 66 338.1500 -188.9700 14 91 487.5601 -277.2900 0 70 304.3800 -156.3200 1 62 301.5400 -163.4700 2 61 297.9500 -169.1200 3 65 308.5699 -176.2300 4 72 321.9700 -184.3900 6 92 354.2000 -187.3700 7 71 370.1700 -187.4100 8 73 373.7500 -198.7600 9 69 380.0300 -225.4800 10 77 399.5601 -245.2400 13 82 491.1400 -263.9500 11 65 438.5300 -285.5000 12 81 473.0601 -275.5600
-1.8185610889e-02 -4.8885982070e-01 -1.7196765414e+00
20 88 15
20 5 188 105.3000 -262.5100 14 179 261.5601 -362.1000 0 162 71.9399 -225.2100 1 164 69.9399 -232.2400 2 161 66.6500 -237.9000 3 177 75.9301 -245.0500 4 192 88.7000 -254.1600 6 175 121.6300 -265.6500 7 190 137.8500 -267.3400 8 198 141.1000 -277.6200 9 193 147.7600 -305.0200 10 208 164.8700 -325.2800 13 148 250.7200 -348.1600 11 195 197.3800 -365.9300 15 146 273.2900 -376.4300 12 143 227.8500 -358.7800 19 114 276.2200 -124.7100 20 102 291.6000 -82.3800 16 144 279.9399 -305.9400 17 114 277.2300 -217.9400
1.0194920561e-01 -4.4931100585e-01 -1.6858081456e+00
24 117 23
17 5 193 212.4600 -229.3800 14 187 366.6899 -326.1200 0 166 178.3101 -194.2700 1 169 176.2100 -201.3900 2 164 172.8500 -206.9100 3 182 183.0100 -213.9500 4 197 195.7000 -222.6800 6 179 228.5500 -231.0100 7 195 244.4100 -231.6900 8 208 247.5601 -241.8300 9 200 254.1600 -269.5700 10 213 273.2700 -289.3700 13 195 361.9200 -312.3800 11 199 308.8199 -329.1000 15 151 370.8600 -341.6900 12 176 341.0400 -322.7200 18 146 354.9200 -126.9100
-2.2615826316e-01 -1.2140836040e-01 -1.7830407111e+00
152 87 8
15 5 205 -65.3300 55.1100 14 125 70.4800 -45.2000 0 176 -90.0200 92.2100 1 184 -91.9300 84.5400 2 181 -95.1000 78.5700 3 193 -88.0000 73.2500 4 205 -76.7600 65.2500 6 195 -54.8400 49.5500 7 208 -42.8100 46.8500 8 225 -38.5900 39.0000 9 214 -33.2200 12.1700 10 236 -20.0100 -2.3000 13 155 53.5200 -15.0100 11 154 4.2300 -32.1000 15 161 90.9301 -86.5400
3.0275993576e-01 -7.5032364978e-01 -1.7688397391e+00
29 23 9
3 5 228 305.0100 -449.5400 14 299 423.5000 -483.5500 0 189 264.1400 -412.5200
-7.3023366039e-02 -5.1489522501e-01 -1.7392817808e+00
53 113 44
11 5 266 54.2700 -283.5800 14 173 210.1700 -383.9100 0 204 21.0400 -245.5400 1 162 17.4000 -252.9900 2 157 14.1300 -258.7500 3 243 24.3400 -265.6500 4 260 37.2800 -274.6200 6 239 70.9399 -287.6700 7 245 87.2500 -289.7700 9 262 96.9700 -327.9700 10 271 113.9301 -348.5300
9.3168248777e-02 -4.5771779198e-01 -1.6848954975e+00
191 202 144
12 5 191 206.8101 -237.3900 14 184 361.7400 -334.5800 0 205 172.7800 -202.2900 1 216 170.6100 -209.3200 3 181 177.0200 -221.8500 4 196 190.0601 -230.6900 6 177 222.9500 -239.2500 7 252 239.0000 -240.3000 8 204 242.7200 -250.5300 9 197 249.1600 -278.2500 10 140 268.3800 -298.5000 13 191 356.9600 -321.5200
7.6645424298e-02 -4.5181938648e-01 -1.6928537831e+00
208 220 147
14 5 275 189.8000 -230.9500 14 185 344.9600 -328.4400 0 206 156.1801 -195.5200 1 217 153.9301 -202.6100 2 218 150.5300 -208.1800 3 248 160.4200 -215.1300 4 270 173.6300 -223.7600 6 245 205.7300 -232.8900 7 253 221.8300 -233.8000 8 205 225.6600 -244.1300 9 198 232.1400 -271.8400 10 211 250.6300 -291.8400 13 192 338.7600 -314.4100 11 143 286.6700 -331.9400
7.6335982215e-02 -4.5176061355e-01 -1.6923852079e+00
208 220 147
15 5 277 189.8000 -230.9500 14 186 344.9600 -328.4400 0 208 156.1801 -195.5200 1 219 153.9301 -202.6100 2 220 150.5300 -208.1800 3 249 160.4200 -215.1300 4 271 173.6300 -223.7600 6 247 205.7300 -232.8900 7 255 221.8300 -233.8000 8 207 225.6600 -244.1300 9 199 232.1400 -271.8400 10 212 250.6300 -291.8400 13 194 338.7600 -314.4100 11 144 286.6700 -331.9400 18 104 338.6000 -130.7200
1.0840169153e-01 -4.4168073706e-01 -1.6842357000e+00
218 218 165
14 5 280 217.6899 -222.4600 14 235 372.0699 -319.4000 0 210 183.9301 -187.5300 1 221 181.6500 -194.6600 2 222 178.2400 -200.3600 3 252 188.1899 -207.2300 4 274 201.2700 -215.9400 6 249 233.4000 -223.9400 7 258 249.6801 -224.5700 8 292 253.2200 -235.0200 9 274 259.7300 -262.6200 10 284 278.3400 -282.6700 13 260 367.8300 -305.1500 11 245 314.7400 -322.5700
1.0144945520e-01 -4.3587149867e-01 -1.6887862615e+00
16 89 11
11 5 282 210.2600 -216.4900 14 191 362.5900 -312.4400 0 212 177.0500 -181.5900 3 385 181.5900 -200.8000 4 423 193.9301 -209.6200 7 260 242.1500 -218.8300 8 293 244.8900 -229.6500 9 276 251.6100 -256.8100 10 285 269.6400 -276.1800 13 199 358.1300 -298.7000 19 155 353.8800 -83.1500
-1.4668145672e-01 -8.2606766123e-02 -1.7589663672e+00
112 65 40
15 5 337 1.9000 82.2200 14 276 138.5699 -13.1400 0 248 -22.8400 118.0900 1 258 -24.8600 110.2400 2 257 -28.1800 104.2400 3 312 -20.5500 98.9900 4 336 -8.9000 91.1000 6 295 12.1800 77.7600 7 320 24.2300 75.6100 8 342 28.6000 68.4200 9 320 33.6100 42.0500 10 341 48.1700 27.2400 13 319 125.0000 17.1600 11 272 73.7400 -0.1700 15 289 155.2600 -55.1100
5.9350742754e-01 -5.9660556375e-01 -1.5305839145e+00
22 14 0
14 5 389 682.9700 -387.3400 14 454 824.3400 -462.5700 0 281 638.4700 -356.8600 1 294 635.7900 -364.1200 2 288 631.8500 -369.7400 3 352 645.5900 -378.0000 4 385 661.1801 -386.4200 6 337 703.4399 -382.3900 7 375 723.2600 -379.4900 8 389 727.1700 -392.5700 9 370 733.8000 -420.5700 10 398 757.1200 -443.7300 11 236 808.1600 -489.2900 12 242 845.8101 -483.4100
3.4149900320e-01 -4.9878985598e-01 -1.5375249440e+00
89 87 66
11 5 256 510.4100 -307.3000 14 221 679.4000 -423.8800 0 295 468.8500 -274.5100 1 209 466.1600 -281.5500 2 208 462.4399 -286.8900 3 232 474.6899 -295.3000 4 252 489.9600 -304.2200 6 234 529.6700 -304.6800 7 241 548.7600 -303.1800 8 187 553.0200 -317.0400 9 179 560.7100 -347.7300
3.3974072630e-01 -4.9819419638e-01 -1.5367245670e+00
89 87 66
10 5 257 510.4100 -307.3000 14 222 679.4000 -423.8800 0 296 468.8500 -274.5100 2 209 462.4399 -286.8900 3 233 474.6899 -295.3000 4 253 489.9600 -304.2200 6 235 529.6700 -304.6800 7 242 548.7600 -303.1800 8 188 553.0200 -317.0400 9 180 560.7100 -347.7300
-1.1558959219e-02 -4.9195737684e-01 -1.7157652162e+00
213 230 159
11 5 270 112.6100 -265.8000 14 177 270.1100 -366.0300 0 308 78.4900 -229.3800 1 315 76.5900 -236.0100 2 217 73.3400 -241.5800 4 267 95.7500 -257.6100 6 241 128.8000 -269.1200 7 250 145.0601 -270.8100 8 286 148.4301 -280.9900 9 269 155.0601 -308.8600 10 275 172.7500 -329.2300
1.1873111400e-01 -4.3198509058e-01 -1.6783454941e+00
207 224 153
19 5 412 227.8000 -214.2400 14 239 381.7100 -310.1900 0 315 194.2100 -179.9400 1 319 192.0800 -186.9400 2 326 188.4100 -192.7100 3 254 198.4600 -199.2900 6 361 243.5200 -216.0000 7 398 259.7100 -216.0300 8 295 263.2800 -226.5700 9 279 269.8300 -254.1500 10 288 288.5200 -274.0900 13 261 378.3300 -295.9400 12 222 357.6200 -305.9500 19 261 367.8700 -78.9900 23 222 411.5900 132.2900 20 164 379.7800 -32.4600 21 190 406.1100 32.1400 27 444 360.0500 140.7600 25 217 360.2600 89.0700
1.6716952341e-01 -4.1175635216e-01 -1.6701802560e+00
214 228 156
17 5 286 266.4399 -196.9100 14 246 419.4399 -291.1300 0 317 232.6899 -163.0000 1 226 230.5601 -170.3300 2 226 227.0100 -175.8500 3 256 237.0601 -182.5200 4 276 250.2600 -191.1100 6 254 281.9900 -197.6000 7 264 298.1801 -197.6400 8 297 301.8700 -207.8900 9 280 308.2100 -235.5100 10 219 327.6200 -255.0900 13 267 418.4600 -276.5100 12 224 398.3500 -286.5300 19 203 396.3600 -62.6200 22 216 435.9399 110.0300 21 192 432.5699 50.3900
-1.0810950998e-01 -4.1201512156e-01 -1.8660070355e+00
98 11 6
7 5 431 -3.6900 -174.6800 14 334 127.5500 -246.2900 0 325 -32.3200 -138.0000 1 328 -34.1600 -145.0800 2 333 -37.3600 -151.0300 3 394 -29.2100 -157.2800 10 416 45.6800 -229.9700
-1.0814953459e-01 -4.1203848551e-01 -1.8649555303e+00
98 11 6
9 5 432 -3.6900 -174.6800 14 335 127.5500 -246.2900 0 326 -32.3200 -138.0000 1 329 -34.1600 -145.0800 2 334 -37.3600 -151.0300 3 395 -29.2100 -157.2800 6 374 9.5600 -179.7100 10 417 45.6800 -229.9700 13 373 114.6000 -234.1000
-2.8607916688e-01 -3.9982532347e-01 -1.9182756015e+00
107 52 12
12 5 439 -137.9800 -159.9700 14 338 -9.3100 -238.7300 0 333 -164.7700 -121.1100 1 333 -166.5700 -128.1400 2 340 -169.7800 -134.2700 3 401 -162.3000 -140.4200 4 441 -151.4600 -148.6900 6 381 -124.4300 -167.0600 7 416 -110.3900 -170.4700 8 428 -108.2400 -177.8600 9 414 -103.1300 -202.6500 10 420 -91.2300 -217.8600
-7.6721931785e-02 -3.5382134526e-01 -1.8485208311e+00
78 1 3
12 5 453 22.8700 -132.5300 14 578 152.8900 -205.8100 0 340 -5.1200 -96.2200 1 340 -6.6800 -103.5900 2 346 -10.2100 -109.4500 3 413 -2.0100 -115.5300 4 450 9.4300 -123.7100 6 392 35.9000 -136.5100 7 425 49.7400 -138.6100 9 426 57.9600 -171.2000 10 426 72.0200 -186.5000 13 681 141.9700 -191.0100
-2.4267242132e-01 -3.3836135865e-01 -1.8776454255e+00
151 87 20
5 5 469 -99.6700 -117.3300 14 353 31.8200 -201.5700 0 345 -126.3400 -79.0800 3 430 -123.7300 -98.5200 4 470 -112.5200 -106.5600
-2.5315517898e-01 -3.0139763045e-01 -1.8637991855e+00
112 58 14
13 5 491 -104.5100 -89.0400 14 364 27.3500 -176.6800 0 356 -130.7700 -50.5900 1 364 -132.7200 -57.9800 2 229 -136.1300 -63.8900 3 268 -128.6400 -69.9000 4 289 -117.4000 -78.2100 6 263 -92.3000 -95.2400 7 277 -78.6700 -98.2100 9 445 -69.6400 -131.2000 10 440 -57.2300 -147.1300 13 278 9.3400 -156.7100 11 331 -35.8000 -178.2600
-3.5147731722e-02 -2.5830848397e-01 -1.8269776654e+00
75 5 1
12 5 512 58.1700 -63.9300 14 633 187.6100 -136.8700 0 363 31.4500 -28.8900 1 376 29.2200 -36.2600 2 380 25.9100 -42.2800 3 465 34.2100 -47.8800 4 498 45.6500 -55.7700 6 454 70.0500 -67.4400 7 500 83.6000 -68.9600 8 467 86.7400 -76.4700 9 455 91.7500 -101.3300 10 455 106.4399 -115.9800
-3.3189151183e-01 -2.2178955467e-01 -1.8770185538e+00
102 59 8
11 5 533 -161.1200 -26.1200 14 376 -33.3500 -117.7100 0 378 -185.8600 12.6600 1 397 -187.5200 5.0400 4 528 -172.6400 -14.9400 6 474 -149.7400 -33.4900 7 526 -136.5000 -37.4400 8 486 -133.6500 -44.2000 10 482 -116.7500 -84.5600 13 436 -54.0300 -93.6200 11 348 -96.9300 -114.2100
-3.3174933462e-01 -2.2190482836e-01 -1.8778963346e+00
102 59 8
13 5 534 -161.1200 -26.1200 14 377 -33.3500 -117.7100 0 379 -185.8600 12.6600 1 398 -187.5200 5.0400 2 396 -189.7200 -1.9300 4 529 -172.6400 -14.9400 6 475 -149.7400 -33.4900 7 527 -136.5000 -37.4400 8 487 -133.6500 -44.2000 9 469 -128.8700 -69.6700 10 483 -116.7500 -84.5600 13 437 -54.0300 -93.6200 11 349 -96.9300 -114.2100
-3.5073369062e-01 -2.2263092034e-01 -1.8944382987e+00
160 113 32
14 5 1030 -173.5900 -28.3200 14 646 -48.0900 -117.9500 0 380 -201.5600 12.5900 1 395 -202.5500 4.6300 2 699 -203.4300 -2.4500 3 483 -198.3800 -7.4000 6 472 -165.0600 -34.4800 7 524 -152.3000 -38.2600 8 488 -149.4800 -44.9100 9 468 -142.5200 -71.3900 10 480 -132.8600 -85.0900 13 438 -71.8500 -92.9400 11 350 -113.8600 -114.4400 15 369 -24.2000 -151.4500
-3.6409809955e-01 -2.1751630905e-01 -1.9108161797e+00
158 112 31
13 5 535 -185.0400 -24.2500 14 378 -60.3900 -113.4000 0 382 -208.8500 14.7900 1 399 -210.4100 7.2700 2 703 -216.3400 2.2700 3 948 -206.5200 -4.5800 4 1031 -199.0900 -11.4700 6 476 -173.0200 -32.0500 7 528 -160.2900 -35.9900 8 490 -157.6000 -42.6900 9 470 -152.7100 -68.1700 10 855 -144.3700 -81.2200 15 378 -39.1300 -145.3600
-3.6252908578e-01 -2.1905520874e-01 -1.8987025667e+00
158 112 31
9 5 536 -185.0400 -24.2500 14 379 -60.3900 -113.4000 0 383 -208.8500 14.7900 1 400 -210.4100 7.2700 3 949 -206.5200 -4.5800 6 477 -173.0200 -32.0500 7 529 -160.2900 -35.9900 8 491 -157.6000 -42.6900 9 471 -152.7100 -68.1700
-1.5696133381e-01 -1.8596864906e-01 -1.7979035158e+00
93 34 0
12 5 554 -18.0400 -2.0800 14 384 117.2500 -93.5600 0 391 -43.8800 34.4400 1 410 -45.4800 26.8000 2 404 -48.8700 20.7000 3 500 -41.3800 15.3000 4 548 -29.9100 7.1300 6 490 -6.6100 -6.9900 8 515 9.8400 -16.8000 9 486 15.0800 -42.7900 10 503 29.0600 -57.9000 11 362 53.9800 -87.2900
-1.5681964417e-01 -1.8589465365e-01 -1.7982032740e+00
93 34 0
14 5 555 -18.0400 -2.0800 14 385 117.2500 -93.5600 0 392 -43.8800 34.4400 1 411 -45.4800 26.8000 2 405 -48.8700 20.7000 3 501 -41.3800 15.3000 4 549 -29.9100 7.1300 6 491 -6.6100 -6.9900 7 545 6.0700 -9.3200 8 516 9.8400 -16.8000 9 487 15.0800 -42.7900 10 504 29.0600 -57.9000 13 448 102.7700 -68.5700 11 363 53.9800 -87.2900
-3.5820066199e-01 -1.8612693286e-01 -1.8759873892e+00
103 62 10
