# Bundle file v0.3
200 8723
5.3200000000e+02 0.0000000000e+00 0.0000000000e+00
9.5115406713e-01 5.5860651655e-02 3.0362069786e-01
-9.9363872972e-02 9.8655286789e-01 1.2977002586e-01
-2.9228883201e-01 -1.5360021634e-01 9.4391430343e-01
6.4890408357e-01 4.4544118842e-01 9.2835002336e-01
5.3200000000e+02 0.0000000000e+00 0.0000000000e+00
9.5117118876e-01 5.5223894521e-02 3.0368353782e-01
-1.0107285695e-01 9.8534685813e-01 1.3738939830e-01
-2.9164644221e-01 -1.6137500008e-01 9.4281517918e-01
6.4601186327e-01 4.4940418087e-01 9.2207338259e-01
5.3200000000e+02 0.0000000000e+00 0.0000000000e+00
9.5134657609e-01 5.3733771626e-02 3.0340134136e-01
-1.0166650772e-01 9.8427298022e-01 1.4446667997e-01
-2.9086700287e-01 -1.6828363616e-01 9.4184765458e-01
6.4041354769e-01 4.5445405023e-01 9.1675449145e-01
5.3200000000e+02 0.0000000000e+00 0.0000000000e+00
9.5171073378e-01 5.2030730258e-02 3.0255492446e-01
-9.9399556874e-02 9.8466998508e-01 1.4333439424e-01
-2.9045895975e-01 -1.6648670694e-01 9.4229282557e-01
6.4920125753e-01 4.4494279535e-01 9.2139523157e-01
5.3200000000e+02 0.0000000000e+00 0.0000000000e+00
9.5210876118e-01 5.0336537738e-02 3.0158769843e-01
-9.7942023866e-02 9.8459154189e-01 1.4486840787e-01
-2.8964852293e-01 -1.6746858991e-01 9.4236829560e-01
6.6209625444e-01 4.3736158517e-01 9.2222492352e-01
5.3200000000e+02 0.0000000000e+00 0.0000000000e+00
9.5382342151e-01 3.5686410858e-02 2.9824044101e-01
-8.4103332969e-02 9.8493064111e-01 1.5112333235e-01
-2.8835309944e-01 -1.6922798905e-01 9.4245126015e-01
6.6896702204e-01 4.3883728074e-01 9.2274193312e-01
5.3200000000e+02 0.0000000000e+00 0.0000000000e+00
9.5530342028e-01 2.0170833255e-02 2.9493815063e-01
-6.9243692280e-02 9.8518357304e-01 1.5690327749e-01
-2.8740335121e-01 -1.7031284418e-01 9.4254593990e-01
6.7492719650e-01 4.4541165522e-01 9.2328226688e-01
5.3200000000e+02 0.0000000000e+00 0.0000000000e+00
9.5640668269e-01 1.0893039150e-02 2.9183488311e-01
-6.0191663955e-02 9.8520084027e-01 1.6048759431e-01
-2.8576777441e-01 -1.7105743490e-01 9.4290833758e-01
6.8428866580e-01 4.5021452692e-01 9.2417584845e-01
5.3200000000e+02 0.0000000000e+00 0.0000000000e+00
9.5591583545e-01 1.5779986201e-02 2.9321648584e-01
-6.4836888579e-02 9.8525169060e-01 1.5835177309e-01
-2.8639324960e-01 -1.7038221209e-01 9.4284081816e-01
6.9242983424e-01 4.3592466814e-01 9.2682553289e-01
5.3200000000e+02 0.0000000000e+00 0.0000000000e+00
9.5581237660e-01 1.3320529301e-02 2.9367544030e-01
-6.1784397913e-02 9.8576348581e-01 1.5637467254e-01
-2.8741153232e-01 -1.6760940766e-01 9.4302794102e-01
6.9948302471e-01 3.9957201302e-01 9.2861478338e-01
5.3200000000e+02 0.0000000000e+00 0.0000000000e+00
9.5528873090e-01 1.3740275938e-02 2.9535511750e-01
-6.0261812612e-02 9.8700034047e-01 1.4899275772e-01
-2.8946839993e-01 -1.6012973718e-01 9.4369831658e-01
7.2050909075e-01 3.6813390719e-01 9.4004356227e-01
5.3200000000e+02 0.0000000000e+00 0.0000000000e+00
9.5636247380e-01 1.1602470623e-02 2.9195239574e-01
-5.0807674083e-02 9.9059214623e-01 1.2706604617e-01
-2.8773147023e-01 -1.3635462042e-01 9.4795465004e-01
7.4344801783e-01 2.9682481997e-01 9.7549496737e-01
5.3200000000e+02 0.0000000000e+00 0.0000000000e+00
9.6084289896e-01 9.6374475058e-03 2.7692606076e-01
-3.5195243818e-02 9.9554526813e-01 8.7469502772e-02
-2.7484944667e-01 -9.3790930841e-02 9.5690179379e-01
7.4886108630e-01 2.4204489047e-01 1.0122715450e+00
5.3200000000e+02 0.0000000000e+00 0.0000000000e+00
9.6257572545e-01 7.3622319721e-03 2.7091284636e-01
-1.8234260566e-02 9.9912514037e-01 3.7635961812e-02
-2.7039875096e-01 -4.1167358675e-02 9.6186785166e-01
7.6308751764e-01 1.6753198235e-01 1.0389835625e+00
5.3200000000e+02 0.0000000000e+00 0.0000000000e+00
9.5888932270e-01 2.9713531364e-03 2.8376475799e-01
-9.6076032942e-03 9.9971185922e-01 2.1997556326e-02
-2.8361763128e-01 -2.3819521110e-02 9.5864157517e-01
8.0805946301e-01 1.0767452155e-01 1.0137763790e+00
5.3200000000e+02 0.0000000000e+00 0.0000000000e+00
9.5712271586e-01 -2.2883964997e-02 2.8877747650e-01
1.7270696117e-02 9.9960941360e-01 2.1971420123e-02
-2.8916747715e-01 -1.6041957258e-02 9.5714409875e-01
8.4468381869e-01 5.5765284041e-02 9.6680542578e-01
5.3200000000e+02 0.0000000000e+00 0.0000000000e+00
9.5576626327e-01 -3.2343563576e-02 2.9234353746e-01
3.0900159043e-02 9.9947680520e-01 9.5548958384e-03
-2.9249962422e-01 -9.8785288791e-05 9.5626563259e-01
8.7860079711e-01 9.6443192049e-02 9.2645347768e-01
5.3200000000e+02 0.0000000000e+00 0.0000000000e+00
9.5219245757e-01 -4.1592066890e-02 3.0265429738e-01
5.1474725979e-02 9.9836764632e-01 -2.4746623361e-02
-3.0113099531e-01 3.9142595139e-02 9.5277908295e-01
9.0831749535e-01 1.4048018241e-01 9.0053886722e-01
5.3200000000e+02 0.0000000000e+00 0.0000000000e+00
9.4558377714e-01 -2.8184631468e-02 3.2415574490e-01
3.0443297546e-02 9.9953469381e-01 -1.8977645995e-03
-3.2395142543e-01 1.1662865211e-02 9.4600182428e-01
9.5336756017e-01 2.5892039476e-01 8.5911112365e-01
5.3200000000e+02 0.0000000000e+00 0.0000000000e+00
9.4288677256e-01 -5.6815615323e-02 3.2823241763e-01
6.8844189463e-02 9.9731079024e-01 -2.5132951388e-02
-3.2592178772e-01 4.6294422167e-02 9.4426257724e-01
9.6161017638e-01 2.6317086806e-01 8.5098133135e-01
5.3200000000e+02 0.0000000000e+00 0.0000000000e+00
9.4092262348e-01 -1.1832665505e-01 3.1727499008e-01
1.4058859049e-01 9.8889760563e-01 -4.8128721174e-02
-3.0805756742e-01 8.9890646245e-02 9.4711150709e-01
9.4488712924e-01 2.8081220054e-01 8.5813128273e-01
5.3200000000e+02 0.0000000000e+00 0.0000000000e+00
9.5164846897e-01 -1.4296017430e-01 2.7189626710e-01
1.8755544653e-01 9.7138683844e-01 -1.4570711921e-01
-2.4328614012e-01 1.8965758270e-01 9.5123175691e-01
9.0519471704e-01 2.0341117636e-01 8.8236029708e-01
5.3200000000e+02 0.0000000000e+00 0.0000000000e+00
9.5296771404e-01 -1.7187630193e-01 2.4962185968e-01
2.3105722827e-01 9.4502119220e-01 -2.3140333523e-01
-1.9612519792e-01 2.7819684241e-01 9.4028794718e-01
8.5924538547e-01 1.3600929327e-01 8.9734234208e-01
5.3200000000e+02 0.0000000000e+00 0.0000000000e+00
9.4407404971e-01 -2.1346562243e-01 2.5130980224e-01
2.7842596854e-01 9.2438367002e-01 -2.6075622837e-01
-1.7664418672e-01 3.1614436360e-01 9.3212100752e-01
8.6016218446e-01 1.4302088085e-01 8.8077197110e-01
0 0 0
0 0 0
0 0 0
0 0 0
0 0 0
5.3200000000e+02 0.0000000000e+00 0.0000000000e+00
8.5975625382e-01 -3.0022216002e-01 4.1314142694e-01
3.6779460903e-01 9.2524160841e-01 -9.3032744999e-02
-3.5432514670e-01 2.3193667392e-01 9.0590235109e-01
1.0189448954e+00 3.4248083012e-01 8.3420511580e-01
0 0 0
0 0 0
0 0 0
0 0 0
0 0 0
5.3200000000e+02 0.0000000000e+00 0.0000000000e+00
8.2376503860e-01 -3.4655299524e-01 4.4867826187e-01
4.0865273174e-01 9.1151812888e-01 -4.6234679318e-02
-3.9295560313e-01 2.2144010978e-01 8.9249659481e-01
1.0661891922e+00 4.9296575832e-01 8.0889108549e-01
5.3200000000e+02 0.0000000000e+00 0.0000000000e+00
8.0237439759e-01 -3.7576297642e-01 4.6367824151e-01
4.2167088822e-01 9.0673443250e-01 5.1313692371e-03
-4.2236120576e-01 1.9140233665e-01 8.8598880207e-01
1.1130766672e+00 5.8731527238e-01 7.6444254412e-01
5.3200000000e+02 0.0000000000e+00 0.0000000000e+00
7.8726328630e-01 -3.9556709710e-01 4.7301499948e-01
4.3229199784e-01 9.0108995602e-01 3.4066402312e-02
-4.3970461295e-01 1.7766137129e-01 8.8039553072e-01
1.1472792758e+00 6.8131571936e-01 7.2776579358e-01
5.3200000000e+02 0.0000000000e+00 0.0000000000e+00
7.6347525241e-01 -4.1808943702e-01 4.9224664712e-01
4.4918237955e-01 8.9139455437e-01 6.0422995199e-02
-4.6404819670e-01 1.7497705877e-01 8.6835609058e-01
1.1883110754e+00 7.4846350259e-01 6.8566573785e-01
5.3200000000e+02 0.0000000000e+00 0.0000000000e+00
7.4669529183e-01 -4.2538453717e-01 5.1136497406e-01
4.4359289362e-01 8.9131515225e-01 9.3715762295e-02
-4.9565258588e-01 1.5686075006e-01 8.5423838546e-01
1.2106464787e+00 8.0472623144e-01 6.4087052100e-01
5.3200000000e+02 0.0000000000e+00 0.0000000000e+00
7.1025880679e-01 -4.4278880004e-01 5.4723898429e-01
4.5291529908e-01 8.8256564887e-01 1.2627591728e-01
-5.3888789115e-01 1.5816432590e-01 8.2739584649e-01
1.2216721601e+00 8.3573526621e-01 5.8423075448e-01
5.3200000000e+02 0.0000000000e+00 0.0000000000e+00
6.6928750513e-01 -4.6764816579e-01 5.7737286784e-01
4.7519445993e-01 8.6678871559e-01 1.5122019634e-01
-5.7117813398e-01 1.7315460018e-01 8.0235467451e-01
1.2136136339e+00 8.8192261563e-01 5.3312094073e-01
5.3200000000e+02 0.0000000000e+00 0.0000000000e+00
6.4235457667e-01 -4.8200501183e-01 5.9586220421e-01
4.9892128306e-01 8.5316191900e-01 1.5229016147e-01
-5.8177156268e-01 1.9946405325e-01 7.8851502225e-01
1.2126882732e+00 9.0812246324e-01 5.0806928340e-01
5.3200000000e+02 0.0000000000e+00 0.0000000000e+00
6.1796726844e-01 -4.9977625749e-01 6.0691032912e-01
5.2157419356e-01 8.3822516230e-01 1.5918209038e-01
-5.8828293852e-01 2.1817944390e-01 7.7866611234e-01
1.2234005536e+00 9.5005429767e-01 4.7187396343e-01
5.3200000000e+02 0.0000000000e+00 0.0000000000e+00
6.0901732150e-01 -5.0471126537e-01 6.1185328365e-01
5.2619974017e-01 8.3430792789e-01 1.6445094985e-01
-5.9347429225e-01 2.2180356188e-01 7.7368691625e-01
1.2978121714e+00 9.9057628036e-01 4.3347318790e-01
0 0 0
0 0 0
0 0 0
0 0 0
0 0 0
5.3200000000e+02 0.0000000000e+00 0.0000000000e+00
5.7043356304e-01 -5.3717796781e-01 6.2132550331e-01
4.4782009960e-01 8.3755511871e-01 3.1298335662e-01
-6.8852211914e-01 9.9705837483e-02 7.1832864165e-01
1.4222139477e+00 1.1470231212e+00 2.5771680543e-01
5.3200000000e+02 0.0000000000e+00 0.0000000000e+00
5.5190458487e-01 -5.5640086926e-01 6.2114362420e-01
4.1715476219e-01 8.2917348615e-01 3.7209304515e-01
-7.2206871805e-01 5.3753163222e-02 6.8972992096e-01
1.4614104587e+00 1.2057263485e+00 1.6267936294e-01
5.3200000000e+02 0.0000000000e+00 0.0000000000e+00
5.3065290702e-01 -5.7052276929e-01 6.2682634117e-01
4.1112739318e-01 8.1997216969e-01 3.9827114824e-01
-7.4120291341e-01 4.6361737020e-02 6.6967815441e-01
1.5120561958e+00 1.2627121458e+00 9.6534399885e-02
5.3200000000e+02 0.0000000000e+00 0.0000000000e+00
5.2018121254e-01 -5.7821586530e-01 6.2855224066e-01
4.1113087678e-01 8.1460866475e-01 4.0912605084e-01
-7.4858727499e-01 4.5597548601e-02 6.6146651864e-01
1.5816757597e+00 1.3081476812e+00 6.6903326416e-02
5.3200000000e+02 0.0000000000e+00 0.0000000000e+00
5.0447082243e-01 -5.9121612034e-01 6.2926360801e-01
4.2421732100e-01 8.0448151149e-01 4.1575132259e-01
-7.5202982246e-01 5.7210110362e-02 6.5664156844e-01
1.6350220959e+00 1.3714405182e+00 5.5724194410e-02
5.3200000000e+02 0.0000000000e+00 0.0000000000e+00
4.8912851007e-01 -5.9415789030e-01 6.3853715791e-01
4.4465599986e-01 7.9967581024e-01 4.0348437430e-01
-7.5035614372e-01 8.6573667558e-02 6.5534010839e-01
1.6885312727e+00 1.4149297215e+00 4.8536982224e-02
5.3200000000e+02 0.0000000000e+00 0.0000000000e+00
4.5568603126e-01 -6.0180396977e-01 6.5588278136e-01
4.6809268056e-01 7.8873270458e-01 3.9848458331e-01
-7.5712580415e-01 1.2543007097e-01 6.4111450926e-01
1.7171580584e+00 1.4475064357e+00 1.3194378259e-02
5.3200000000e+02 0.0000000000e+00 0.0000000000e+00
4.0951257394e-01 -6.1304853341e-01 6.7562633717e-01
5.0347994995e-01 7.6944853939e-01 3.9301003197e-01
-7.6079392202e-01 1.7922176465e-01 6.2375649679e-01
1.7099733787e+00 1.4923274872e+00 -3.1567172944e-02
5.3200000000e+02 0.0000000000e+00 0.0000000000e+00
3.6161338777e-01 -6.2721860567e-01 6.8980618907e-01
5.2114575161e-01 7.4947720952e-01 4.0827811353e-01
-7.7307364679e-01 2.1185073308e-01 5.9789330447e-01
1.6932261219e+00 1.5312822108e+00 -9.7095419186e-02
5.3200000000e+02 0.0000000000e+00 0.0000000000e+00
3.4955932323e-01 -6.2308514446e-01 6.9969506379e-01
5.1828012269e-01 7.5073599784e-01 4.0961100567e-01
-7.8050880454e-01 2.1945469758e-01 5.8535941245e-01
1.7610504648e+00 1.5125621164e+00 -1.2902947782e-01
5.3200000000e+02 0.0000000000e+00 0.0000000000e+00
3.1212199425e-01 -6.3809284657e-01 7.0385892043e-01
5.3230586867e-01 7.3111589982e-01 4.2675520291e-01
-7.8691189016e-01 2.4146854908e-01 5.6785791966e-01
1.7395668093e+00 1.5381026106e+00 -1.6173217173e-01
5.3200000000e+02 0.0000000000e+00 0.0000000000e+00
2.8314865496e-01 -6.5230150392e-01 7.0308576090e-01
5.4418608040e-01 7.1292198964e-01 4.4227112339e-01
-7.8973941847e-01 2.5738101069e-01 5.5683630112e-01
1.7299941751e+00 1.5759472473e+00 -1.7824727108e-01
0 0 0
0 0 0
0 0 0
0 0 0
0 0 0
0 0 0
0 0 0
0 0 0
0 0 0
0 0 0
0 0 0
0 0 0
0 0 0
0 0 0
0 0 0
0 0 0
0 0 0
0 0 0
0 0 0
0 0 0
0 0 0
0 0 0
0 0 0
0 0 0
0 0 0
0 0 0
0 0 0
0 0 0
0 0 0
0 0 0
5.3200000000e+02 0.0000000000e+00 0.0000000000e+00
9.1430882742e-01 -2.6263734204e-01 3.0831963069e-01
9.4400165670e-02 8.7847282851e-01 4.6837388728e-01
-3.9386289089e-01 -3.9913295545e-01 8.2798847036e-01
1.9755965821e+00 1.2772383842e+00 4.6063293004e-01
5.3200000000e+02 0.0000000000e+00 0.0000000000e+00
9.1316535964e-01 -2.7659923970e-01 2.9936914764e-01
1.2433631446e-01 8.8851787506e-01 4.4167461622e-01
-3.8816170195e-01 -3.6609950328e-01 8.4575507497e-01
1.9522282362e+00 1.2903593140e+00 5.1186262932e-01
5.3200000000e+02 0.0000000000e+00 0.0000000000e+00
9.0793970577e-01 -3.0334799106e-01 2.8918071686e-01
1.5864476571e-01 8.8742089689e-01 4.3280017338e-01
-3.8791407425e-01 -3.4707945501e-01 8.5384923899e-01
1.9144616620e+00 1.3354359780e+00 5.3297980751e-01
5.3200000000e+02 0.0000000000e+00 0.0000000000e+00
9.0838547828e-01 -3.0453607657e-01 2.8651980893e-01
1.6783152793e-01 8.9316735389e-01 4.1723453379e-01
-3.8297310751e-01 -3.3092273422e-01 8.6245100899e-01
1.9087656155e+00 1.3292729864e+00 5.6190384420e-01
5.3200000000e+02 0.0000000000e+00 0.0000000000e+00
9.0590710228e-01 -2.9374775662e-01 3.0503209260e-01
1.5068120925e-01 8.9675740656e-01 4.1607851056e-01
-3.9576191733e-01 -3.3096587325e-01 8.5664117081e-01
1.9281454225e+00 1.2972905700e+00 5.3938786339e-01
5.3200000000e+02 0.0000000000e+00 0.0000000000e+00
8.8897703192e-01 -3.1244152725e-01 3.3481357316e-01
1.5502438686e-01 8.9326101036e-01 4.2196232870e-01
-4.3091446506e-01 -3.2321054966e-01 8.4252457791e-01
1.9834380675e+00 1.2636419391e+00 5.1633342578e-01
5.3200000000e+02 0.0000000000e+00 0.0000000000e+00
8.7625333160e-01 -3.1583337675e-01 3.6390847336e-01
1.3435958067e-01 8.8542795435e-01 4.4493240018e-01
-4.6273923751e-01 -3.4097890811e-01 8.1829443496e-01
2.0486906004e+00 1.2573889639e+00 4.6378732082e-01
5.3200000000e+02 0.0000000000e+00 0.0000000000e+00
8.3960134420e-01 -3.8631369953e-01 3.8187865662e-01
1.7468285814e-01 8.5768725799e-01 4.8358915057e-01
-5.1434957169e-01 -3.3931444566e-01 7.8759775588e-01
2.0221065297e+00 1.3171522397e+00 4.2103287997e-01
0 0 0
0 0 0
0 0 0
0 0 0
0 0 0
0 0 0
0 0 0
0 0 0
0 0 0
0 0 0
5.3200000000e+02 0.0000000000e+00 0.0000000000e+00
6.6110320984e-01 -5.7755913963e-01 4.7892377908e-01
2.1630216117e-01 7.5792422847e-01 6.1543824952e-01
-7.1843992164e-01 -3.0327595376e-01 6.2599343036e-01
1.8566415913e+00 1.4265368772e+00 9.8726261176e-02
0 0 0
0 0 0
0 0 0
0 0 0
0 0 0
0 0 0
0 0 0
0 0 0
0 0 0
0 0 0
5.3200000000e+02 0.0000000000e+00 0.0000000000e+00
5.6669786842e-01 -6.3264517374e-01 5.2783862123e-01
2.6192004709e-01 7.4573276542e-01 6.1260144589e-01
-7.8118590288e-01 -2.0890841705e-01 5.8830762227e-01
1.8886387704e+00 1.4723820739e+00 1.5169997721e-02
5.3200000000e+02 0.0000000000e+00 0.0000000000e+00
5.6461295521e-01 -6.4803203529e-01 5.1114253594e-01
2.6123947721e-01 7.2777425114e-01 6.3411243082e-01
-7.8292154547e-01 -2.2449748463e-01 5.8020232078e-01
1.9139861036e+00 1.4963163634e+00 6.8865219992e-03
5.3200000000e+02 0.0000000000e+00 0.0000000000e+00
5.6696255993e-01 -6.4870919417e-01 5.0767099290e-01
3.0265047071e-01 7.3723782530e-01 6.0405552852e-01
-7.6613063391e-01 -1.8883000382e-01 6.1431838768e-01
1.9386781002e+00 1.5017371987e+00 1.1046968692e-01
5.3200000000e+02 0.0000000000e+00 0.0000000000e+00
5.5781893558e-01 -6.6355318930e-01 4.9853304812e-01
3.6621902223e-01 7.3581716689e-01 5.6961102926e-01
-7.4479639020e-01 -1.3516753261e-01 6.5345854901e-01
1.9355127093e+00 1.5309957700e+00 2.2598253197e-01
0 0 0
0 0 0
0 0 0
0 0 0
0 0 0
0 0 0
0 0 0
0 0 0
0 0 0
0 0 0
0 0 0
0 0 0
0 0 0
0 0 0
0 0 0
5.3200000000e+02 0.0000000000e+00 0.0000000000e+00
1.9670274834e-01 -7.1763468668e-01 6.6806323448e-01
3.6694277886e-01 6.8573963611e-01 6.2858105962e-01
-9.0920901108e-01 1.2149735774e-01 3.9821773721e-01
1.7434258319e+00 1.4753645359e+00 -3.7643460642e-01
5.3200000000e+02 0.0000000000e+00 0.0000000000e+00
1.4832003316e-01 -7.4835392389e-01 6.4650411627e-01
3.8097974700e-01 6.4651538679e-01 6.6096315103e-01
-9.1260922641e-01 1.4827089817e-01 3.8099887220e-01
1.6746529206e+00 1.5299563387e+00 -4.3010452052e-01
5.3200000000e+02 0.0000000000e+00 0.0000000000e+00
9.3358369626e-02 -7.6849696788e-01 6.3300602302e-01
4.0510745741e-01 6.1009482637e-01 6.8093483594e-01
-9.0949005645e-01 1.9286449441e-01 3.6828131099e-01
1.6165090618e+00 1.5835764788e+00 -4.6502004963e-01
5.3200000000e+02 0.0000000000e+00 0.0000000000e+00
6.8582313305e-02 -7.8075807966e-01 6.2105819964e-01
4.4523465207e-01 5.8104416273e-01 6.8128832777e-01
-8.9278360811e-01 2.2979230188e-01 3.8746990476e-01
1.6029080377e+00 1.6359152980e+00 -4.1056071359e-01
5.3200000000e+02 0.0000000000e+00 0.0000000000e+00
4.3150080409e-02 -7.8734158949e-01 6.1500511545e-01
4.8765704027e-01 5.5386379668e-01 6.7485221035e-01
-8.7196828018e-01 2.7079164721e-01 4.0785193657e-01
1.5916230342e+00 1.6868035965e+00 -3.6207202782e-01
5.3200000000e+02 0.0000000000e+00 0.0000000000e+00
7.2955074011e-03 -7.9492534590e-01 6.0666339104e-01
5.1822107492e-01 5.2186112417e-01 6.7757500292e-01
-8.5521558281e-01 3.0944250117e-01 4.1575430892e-01
1.5681225324e+00 1.7270888263e+00 -3.4267264211e-01
5.3200000000e+02 0.0000000000e+00 0.0000000000e+00
-6.3255875063e-02 -7.9854635983e-01 5.9860037209e-01
5.1104717801e-01 4.8927672788e-01 7.0671002922e-01
-8.5722195265e-01 3.5061659223e-01 3.7714523614e-01
1.4907994360e+00 1.7669150280e+00 -4.3294346664e-01
5.3200000000e+02 0.0000000000e+00 0.0000000000e+00
-1.4661948943e-01 -7.9678071004e-01 5.8621090525e-01
4.8838833917e-01 4.5704057425e-01 7.4336447564e-01
-8.6022064349e-01 3.9529029029e-01 3.2212735201e-01
1.3931885301e+00 1.8061032665e+00 -5.7751324513e-01
5.3200000000e+02 0.0000000000e+00 0.0000000000e+00
-2.1026720152e-01 -7.9047584553e-01 5.7527005971e-01
4.6748442718e-01 4.3549753598e-01 7.6928551689e-01
-8.5863031294e-01 4.3068530715e-01 2.7796429969e-01
1.3221658279e+00 1.8246149139e+00 -6.9242795247e-01
0 0 0
0 0 0
0 0 0
0 0 0
0 0 0
5.3200000000e+02 0.0000000000e+00 0.0000000000e+00
-3.8674804063e-01 -7.3901166293e-01 5.5162280148e-01
3.9675201182e-01 4.0663822835e-01 8.2294179160e-01
-8.3247450062e-01 5.3712858171e-01 1.3593782597e-01
1.0459153847e+00 1.8351665482e+00 -1.0505397926e+00
0 0 0
0 0 0
0 0 0
0 0 0
0 0 0
5.3200000000e+02 0.0000000000e+00 0.0000000000e+00
-4.1663069707e-01 -7.6751286045e-01 4.8717847992e-01
3.2850550881e-01 3.7258183883e-01 8.6790950223e-01
-8.4764555856e-01 5.2163855533e-01 9.6903171509e-02
9.3102684862e-01 1.8670956220e+00 -1.1359830795e+00
5.3200000000e+02 0.0000000000e+00 0.0000000000e+00
-4.1224827764e-01 -7.7121481781e-01 4.8505573121e-01
3.3482933723e-01 3.6689471908e-01 8.6791565261e-01
-8.4731379814e-01 5.2020762192e-01 1.0697363030e-01
9.6331312309e-01 1.9030371364e+00 -1.0929752462e+00
5.3200000000e+02 0.0000000000e+00 0.0000000000e+00
-4.0735579824e-01 -7.8299071517e-01 4.7009232456e-01
3.4072985568e-01 3.4727009876e-01 8.7367422072e-01
-8.4732781088e-01 5.1607074948e-01 1.2532582509e-01
9.8568474276e-01 1.9370490668e+00 -1.0320920323e+00
5.3200000000e+02 0.0000000000e+00 0.0000000000e+00
-4.1167528303e-01 -8.0116166786e-01 4.3435405292e-01
3.1843003397e-01 3.2011844675e-01 8.9225920758e-01
-8.5388861968e-01 5.0563243764e-01 1.2332908494e-01
9.6397184909e-01 1.9541797766e+00 -1.0258702458e+00
5.3200000000e+02 0.0000000000e+00 0.0000000000e+00
-4.2551846733e-01 -8.0943699538e-01 4.0465514265e-01
3.0054629077e-01 2.9537171996e-01 9.0687787169e-01
-8.5358418511e-01 5.0751088418e-01 1.1758716500e-01
9.2370388296e-01 1.9807956294e+00 -1.0203727800e+00
0 0 0
0 0 0
0 0 0
0 0 0
0 0 0
0 0 0
0 0 0
0 0 0
0 0 0
0 0 0
0 0 0
0 0 0
0 0 0
0 0 0
0 0 0
0 0 0
0 0 0
0 0 0
0 0 0
0 0 0
0 0 0
0 0 0
0 0 0
0 0 0
0 0 0
0 0 0
0 0 0
0 0 0
0 0 0
0 0 0
0 0 0
0 0 0
0 0 0
0 0 0
0 0 0
0 0 0
0 0 0
0 0 0
0 0 0
0 0 0
0 0 0
0 0 0
0 0 0
0 0 0
0 0 0
0 0 0
0 0 0
0 0 0
0 0 0
0 0 0
0 0 0
0 0 0
0 0 0
0 0 0
0 0 0
0 0 0
0 0 0
0 0 0
0 0 0
0 0 0
0 0 0
0 0 0
0 0 0
0 0 0
0 0 0
0 0 0
0 0 0
0 0 0
0 0 0
0 0 0
0 0 0
0 0 0
0 0 0
0 0 0
0 0 0
0 0 0
0 0 0
0 0 0
0 0 0
0 0 0
0 0 0
0 0 0
0 0 0
0 0 0
0 0 0
0 0 0
0 0 0
0 0 0
0 0 0
0 0 0
0 0 0
0 0 0
0 0 0
0 0 0
0 0 0
0 0 0
0 0 0
0 0 0
0 0 0
0 0 0
0 0 0
0 0 0
0 0 0
0 0 0
0 0 0
0 0 0
0 0 0
0 0 0
0 0 0
0 0 0
0 0 0
0 0 0
0 0 0
0 0 0
0 0 0
0 0 0
0 0 0
0 0 0
0 0 0
0 0 0
0 0 0
0 0 0
0 0 0
0 0 0
0 0 0
0 0 0
0 0 0
0 0 0
0 0 0
0 0 0
0 0 0
0 0 0
0 0 0
0 0 0
0 0 0
0 0 0
0 0 0
0 0 0
0 0 0
0 0 0
0 0 0
0 0 0
0 0 0
0 0 0
0 0 0
0 0 0
0 0 0
0 0 0
0 0 0
0 0 0
0 0 0
0 0 0
0 0 0
0 0 0
0 0 0
0 0 0
0 0 0
0 0 0
0 0 0
0 0 0
0 0 0
0 0 0
0 0 0
0 0 0
0 0 0
0 0 0
0 0 0
0 0 0
0 0 0
0 0 0
0 0 0
0 0 0
0 0 0
0 0 0
0 0 0
0 0 0
0 0 0
0 0 0
0 0 0
0 0 0
0 0 0
0 0 0
0 0 0
0 0 0
0 0 0
0 0 0
0 0 0
0 0 0
0 0 0
0 0 0
0 0 0
0 0 0
0 0 0
0 0 0
0 0 0
0 0 0
0 0 0
0 0 0
0 0 0
0 0 0
0 0 0
0 0 0
0 0 0
0 0 0
0 0 0
0 0 0
0 0 0
0 0 0
0 0 0
0 0 0
0 0 0
0 0 0
0 0 0
0 0 0
0 0 0
0 0 0
0 0 0
0 0 0
0 0 0
0 0 0
0 0 0
0 0 0
0 0 0
0 0 0
0 0 0
0 0 0
0 0 0
0 0 0
0 0 0
0 0 0
0 0 0
0 0 0
0 0 0
0 0 0
0 0 0
0 0 0
0 0 0
0 0 0
0 0 0
0 0 0
0 0 0
0 0 0
0 0 0
0 0 0
0 0 0
0 0 0
0 0 0
0 0 0
0 0 0
0 0 0
0 0 0
0 0 0
0 0 0
0 0 0
0 0 0
0 0 0
0 0 0
0 0 0
0 0 0
0 0 0
0 0 0
0 0 0
0 0 0
0 0 0
0 0 0
0 0 0
0 0 0
0 0 0
0 0 0
0 0 0
0 0 0
0 0 0
0 0 0
0 0 0
0 0 0
0 0 0
0 0 0
0 0 0
0 0 0
0 0 0
0 0 0
0 0 0
0 0 0
0 0 0
0 0 0
0 0 0
0 0 0
0 0 0
0 0 0
0 0 0
0 0 0
0 0 0
0 0 0
0 0 0
0 0 0
0 0 0
0 0 0
0 0 0
0 0 0
0 0 0
0 0 0
0 0 0
0 0 0
0 0 0
0 0 0
0 0 0
0 0 0
0 0 0
0 0 0
0 0 0
0 0 0
0 0 0
0 0 0
0 0 0
0 0 0
0 0 0
0 0 0
0 0 0
0 0 0
0 0 0
0 0 0
0 0 0
0 0 0
0 0 0
0 0 0
0 0 0
0 0 0
0 0 0
0 0 0
0 0 0
0 0 0
0 0 0
0 0 0
0 0 0
0 0 0
0 0 0
0 0 0
0 0 0
0 0 0
0 0 0
0 0 0
0 0 0
0 0 0
0 0 0
0 0 0
0 0 0
0 0 0
0 0 0
0 0 0
0 0 0
0 0 0
0 0 0
0 0 0
0 0 0
0 0 0
0 0 0
0 0 0
0 0 0
0 0 0
0 0 0
0 0 0
0 0 0
0 0 0
0 0 0
0 0 0
0 0 0
0 0 0
0 0 0
0 0 0
0 0 0
0 0 0
0 0 0
0 0 0
0 0 0
0 0 0
0 0 0
0 0 0
0 0 0
0 0 0
0 0 0
0 0 0
0 0 0
0 0 0
0 0 0
0 0 0
0 0 0
0 0 0
0 0 0
0 0 0
0 0 0
0 0 0
0 0 0
0 0 0
0 0 0
0 0 0
0 0 0
0 0 0
0 0 0
0 0 0
0 0 0
0 0 0
0 0 0
0 0 0
0 0 0
0 0 0
0 0 0
0 0 0
0 0 0
0 0 0
0 0 0
0 0 0
0 0 0
0 0 0
0 0 0
0 0 0
0 0 0
0 0 0
0 0 0
0 0 0
0 0 0
0 0 0
0 0 0
0 0 0
0 0 0
0 0 0
0 0 0
0 0 0
0 0 0
0 0 0
0 0 0
0 0 0
0 0 0
0 0 0
0 0 0
0 0 0
0 0 0
0 0 0
0 0 0
0 0 0
0 0 0
0 0 0
0 0 0
0 0 0
0 0 0
0 0 0
0 0 0
0 0 0
0 0 0
0 0 0
0 0 0
0 0 0
0 0 0
0 0 0
0 0 0
0 0 0
0 0 0
0 0 0
0 0 0
0 0 0
0 0 0
0 0 0
0 0 0
0 0 0
0 0 0
0 0 0
0 0 0
0 0 0
0 0 0
0 0 0
0 0 0
0 0 0
0 0 0
0 0 0
0 0 0
0 0 0
0 0 0
0 0 0
0 0 0
0 0 0
0 0 0
0 0 0
0 0 0
0 0 0
0 0 0
0 0 0
0 0 0
0 0 0
0 0 0
0 0 0
0 0 0
0 0 0
0 0 0
0 0 0
0 0 0
0 0 0
0 0 0
0 0 0
0 0 0
0 0 0
0 0 0
0 0 0
0 0 0
0 0 0
0 0 0
0 0 0
0 0 0
0 0 0
0 0 0
0 0 0
0 0 0
0 0 0
0 0 0
0 0 0
0 0 0
0 0 0
0 0 0
0 0 0
0 0 0
0 0 0
0 0 0
0 0 0
0 0 0
0 0 0
0 0 0
0 0 0
0 0 0
0 0 0
0 0 0
0 0 0
0 0 0
0 0 0
0 0 0
0 0 0
0 0 0
0 0 0
1.5305398397e-01 -4.8222135318e-01 -1.6953089841e+00
8 10 5
19 5 19 242.2500 -255.2000 14 34 394.2300 -338.4000 0 25 208.3700 -221.5900 1 22 205.6700 -228.9700 2 23 201.8700 -234.6600 3 22 212.4800 -241.8100 4 23 225.2900 -250.3400 6 21 258.1100 -257.7700 7 21 274.6300 -258.0400 8 21 279.1899 -268.3300 9 21 285.2600 -294.6100 10 34 304.2000 -311.3600 13 25 391.4800 -329.3900 11 29 340.2800 -350.3400 15 32 395.7400 -354.2500 12 23 371.8900 -341.6200 18 30 375.7400 -137.5700 16 40 392.7900 -284.1800 17 38 384.0000 -197.5000
1.9496345439e-01 -4.0749503925e-01 -1.6686862894e+00
160 135 84
30 5 28 286.1801 -194.1700 14 27 439.8000 -284.4400 0 34 252.5800 -160.5000 1 29 250.2100 -167.7800 2 31 246.3600 -173.3400 3 28 256.3101 -180.1800 4 31 269.6000 -188.6400 6 26 302.1600 -194.3500 7 29 318.3101 -194.1700 8 32 321.2700 -204.8300 9 34 327.8600 -231.9000 10 39 346.4600 -251.4100 13 29 438.8199 -271.0400 11 34 384.9301 -288.9700 15 25 437.7200 -302.7600 12 27 418.3700 -282.1400 19 19 410.9900 -56.0600 22 23 449.2300 119.1400 23 20 448.3000 163.4100 18 20 411.5300 -93.5400 20 19 420.7800 -7.9000 21 27 446.1899 58.1900 16 17 433.4900 -236.2700 17 23 421.7400 -151.3200 27 29 387.5300 178.2600 25 25 392.0500 124.2000 30 25 390.1400 215.0100 31 26 376.6200 211.6100 33 36 305.3500 202.9600 28 24 392.1300 179.2100
1.2600340221e-01 -4.1060062407e-01 -1.6946633426e+00
24 17 9
24 5 49 221.8199 -194.9900 14 37 374.2500 -284.2900 0 49 189.7400 -160.2100 1 44 187.5400 -167.5300 2 48 184.1100 -172.8900 3 48 193.8199 -179.8100 4 54 206.9000 -188.0800 6 53 237.2900 -195.7700 7 55 252.7700 -196.2400 8 40 257.1500 -205.6700 9 56 263.6300 -232.9800 10 60 282.0200 -251.8100 13 40 371.0800 -270.2700 11 44 318.3000 -288.6700 15 35 378.1200 -301.9500 12 39 351.1000 -280.8000 19 29 360.3199 -58.1100 22 30 398.9200 110.1800 23 26 397.7600 151.2800 18 37 359.7100 -94.3700 20 32 370.8900 -12.4700 21 39 396.0300 52.4000 16 44 377.8400 -235.9100 17 43 369.5800 -150.8700
1.6976827221e-03 -5.1679467644e-01 -1.7221136028e+00
26 98 24
21 5 45 121.0300 -285.7200 14 72 273.0200 -382.8500 0 63 87.3101 -247.9300 1 56 85.4800 -255.4100 2 56 81.3600 -260.9800 3 44 90.6500 -268.4600 4 66 102.9399 -277.2900 6 49 137.4700 -288.8500 8 51 156.5500 -300.8000 9 54 162.6600 -328.4100 10 58 179.4301 -348.6300 13 78 263.6300 -371.2000 11 62 211.3500 -390.2100 15 61 282.0900 -396.1700 12 49 241.3300 -382.7200 19 54 284.6000 -139.7000 18 72 279.2500 -175.3300 20 77 300.6801 -96.8900 21 88 328.5800 -33.4200 16 90 287.4900 -323.7000 17 89 284.0200 -234.4800
4.6494920082e-02 -4.9603541151e-01 -1.7093771897e+00
23 93 21
20 5 62 160.7300 -267.7400 14 74 313.0100 -364.1500 0 66 126.8700 -231.5900 1 59 124.3199 -238.5800 2 58 121.0000 -244.1700 3 62 130.5800 -251.3700 4 68 143.5100 -260.2900 6 61 177.0300 -270.2600 7 66 193.7700 -271.4800 8 69 195.8300 -281.9600 9 68 202.5699 -309.5500 10 76 219.5900 -329.6900 13 80 305.1100 -352.1300 11 89 253.4399 -370.7200 12 77 283.5100 -363.5900 19 84 313.7400 -123.3200 18 74 310.4301 -159.8700 20 104 326.9900 -79.3100 16 91 323.0100 -308.4300 17 68 317.8700 -220.3500
2.5902319214e-01 -4.0177750886e-01 -1.6541880756e+00
20 15 12
15 5 66 338.1500 -188.9700 14 91 487.5601 -277.2900 0 70 304.3800 -156.3200 1 62 301.5400 -163.4700 2 61 297.9500 -169.1200 3 65 308.5699 -176.2300 4 72 321.9700 -184.3900 6 92 354.2000 -187.3700 7 71 370.1700 -187.4100 8 73 373.7500 -198.7600 9 69 380.0300 -225.4800 10 77 399.5601 -245.2400 13 82 491.1400 -263.9500 11 65 438.5300 -285.5000 12 81 473.0601 -275.5600
-1.8185683182e-02 -4.8885966871e-01 -1.7196762413e+00
20 88 15
20 5 188 105.3000 -262.5100 14 179 261.5601 -362.1000 0 162 71.9399 -225.2100 1 164 69.9399 -232.2400 2 161 66.6500 -237.9000 3 177 75.9301 -245.0500 4 192 88.7000 -254.1600 6 175 121.6300 -265.6500 7 190 137.8500 -267.3400 8 198 141.1000 -277.6200 9 193 147.7600 -305.0200 10 208 164.8700 -325.2800 13 148 250.7200 -348.1600 11 195 197.3800 -365.9300 15 146 273.2900 -376.4300 12 143 227.8500 -358.7800 19 114 276.2200 -124.7100 20 102 291.6000 -82.3800 16 144 279.9399 -305.9400 17 114 277.2300 -217.9400
1.0194914197e-01 -4.4931089984e-01 -1.6858078815e+00
24 117 23
17 5 193 212.4600 -229.3800 14 187 366.6899 -326.1200 0 166 178.3101 -194.2700 1 169 176.2100 -201.3900 2 164 172.8500 -206.9100 3 182 183.0100 -213.9500 4 197 195.7000 -222.6800 6 179 228.5500 -231.0100 7 195 244.4100 -231.6900 8 208 247.5601 -241.8300 9 200 254.1600 -269.5700 10 213 273.2700 -289.3700 13 195 361.9200 -312.3800 11 199 308.8199 -329.1000 15 151 370.8600 -341.6900 12 176 341.0400 -322.7200 18 146 354.9200 -126.9100
-2.2615818681e-01 -1.2140814050e-01 -1.7830405170e+00
152 87 8
15 5 205 -65.3300 55.1100 14 125 70.4800 -45.2000 0 176 -90.0200 92.2100 1 184 -91.9300 84.5400 2 181 -95.1000 78.5700 3 193 -88.0000 73.2500 4 205 -76.7600 65.2500 6 195 -54.8400 49.5500 7 208 -42.8100 46.8500 8 225 -38.5900 39.0000 9 214 -33.2200 12.1700 10 236 -20.0100 -2.3000 13 155 53.5200 -15.0100 11 154 4.2300 -32.1000 15 161 90.9301 -86.5400
3.0275992015e-01 -7.5032367559e-01 -1.7688396919e+00
29 23 9
3 5 228 305.0100 -449.5400 14 299 423.5000 -483.5500 0 189 264.1400 -412.5200
-7.3023378915e-02 -5.1489511157e-01 -1.7392816591e+00
53 113 44
11 5 266 54.2700 -283.5800 14 173 210.1700 -383.9100 0 204 21.0400 -245.5400 1 162 17.4000 -252.9900 2 157 14.1300 -258.7500 3 243 24.3400 -265.6500 4 260 37.2800 -274.6200 6 239 70.9399 -287.6700 7 245 87.2500 -289.7700 9 262 96.9700 -327.9700 10 271 113.9301 -348.5300
9.3168224839e-02 -4.5771770089e-01 -1.6848953007e+00
191 202 144
12 5 191 206.8101 -237.3900 14 184 361.7400 -334.5800 0 205 172.7800 -202.2900 1 216 170.6100 -209.3200 3 181 177.0200 -221.8500 4 196 190.0601 -230.6900 6 177 222.9500 -239.2500 7 252 239.0000 -240.3000 8 204 242.7200 -250.5300 9 197 249.1600 -278.2500 10 140 268.3800 -298.5000 13 191 356.9600 -321.5200
7.6645407076e-02 -4.5181929183e-01 -1.6928535906e+00
208 220 147
14 5 275 189.8000 -230.9500 14 185 344.9600 -328.4400 0 206 156.1801 -195.5200 1 217 153.9301 -202.6100 2 218 150.5300 -208.1800 3 248 160.4200 -215.1300 4 270 173.6300 -223.7600 6 245 205.7300 -232.8900 7 253 221.8300 -233.8000 8 205 225.6600 -244.1300 9 198 232.1400 -271.8400 10 211 250.6300 -291.8400 13 192 338.7600 -314.4100 11 143 286.6700 -331.9400
7.6335943230e-02 -4.5176050773e-01 -1.6923849774e+00
208 220 147
15 5 277 189.8000 -230.9500 14 186 344.9600 -328.4400 0 208 156.1801 -195.5200 1 219 153.9301 -202.6100 2 220 150.5300 -208.1800 3 249 160.4200 -215.1300 4 271 173.6300 -223.7600 6 247 205.7300 -232.8900 7 255 221.8300 -233.8000 8 207 225.6600 -244.1300 9 199 232.1400 -271.8400 10 212 250.6300 -291.8400 13 194 338.7600 -314.4100 11 144 286.6700 -331.9400 18 104 338.6000 -130.7200
1.0840167243e-01 -4.4168064928e-01 -1.6842355005e+00
218 218 165
14 5 280 217.6899 -222.4600 14 235 372.0699 -319.4000 0 210 183.9301 -187.5300 1 221 181.6500 -194.6600 2 222 178.2400 -200.3600 3 252 188.1899 -207.2300 4 274 201.2700 -215.9400 6 249 233.4000 -223.9400 7 258 249.6801 -224.5700 8 292 253.2200 -235.0200 9 274 259.7300 -262.6200 10 284 278.3400 -282.6700 13 260 367.8300 -305.1500 11 245 314.7400 -322.5700
1.0144940315e-01 -4.3587139351e-01 -1.6887860012e+00
16 89 11
11 5 282 210.2600 -216.4900 14 191 362.5900 -312.4400 0 212 177.0500 -181.5900 3 385 181.5900 -200.8000 4 423 193.9301 -209.6200 7 260 242.1500 -218.8300 8 293 244.8900 -229.6500 9 276 251.6100 -256.8100 10 285 269.6400 -276.1800 13 199 358.1300 -298.7000 19 155 353.8800 -83.1500
-1.4668136928e-01 -8.2606575687e-02 -1.7589661318e+00
112 65 40
15 5 337 1.9000 82.2200 14 276 138.5699 -13.1400 0 248 -22.8400 118.0900 1 258 -24.8600 110.2400 2 257 -28.1800 104.2400 3 312 -20.5500 98.9900 4 336 -8.9000 91.1000 6 295 12.1800 77.7600 7 320 24.2300 75.6100 8 342 28.6000 68.4200 9 320 33.6100 42.0500 10 341 48.1700 27.2400 13 319 125.0000 17.1600 11 272 73.7400 -0.1700 15 289 155.2600 -55.1100
5.9350730824e-01 -5.9660560175e-01 -1.5305837332e+00
22 14 0
14 5 389 682.9700 -387.3400 14 454 824.3400 -462.5700 0 281 638.4700 -356.8600 1 294 635.7900 -364.1200 2 288 631.8500 -369.7400 3 352 645.5900 -378.0000 4 385 661.1801 -386.4200 6 337 703.4399 -382.3900 7 375 723.2600 -379.4900 8 389 727.1700 -392.5700 9 370 733.8000 -420.5700 10 398 757.1200 -443.7300 11 236 808.1600 -489.2900 12 242 845.8101 -483.4100
3.4149893208e-01 -4.9878983441e-01 -1.5375247383e+00
89 87 66
11 5 256 510.4100 -307.3000 14 221 679.4000 -423.8800 0 295 468.8500 -274.5100 1 209 466.1600 -281.5500 2 208 462.4399 -286.8900 3 232 474.6899 -295.3000 4 252 489.9600 -304.2200 6 234 529.6700 -304.6800 7 241 548.7600 -303.1800 8 187 553.0200 -317.0400 9 179 560.7100 -347.7300
3.3974065226e-01 -4.9819417381e-01 -1.5367243597e+00
89 87 66
10 5 257 510.4100 -307.3000 14 222 679.4000 -423.8800 0 296 468.8500 -274.5100 2 209 462.4399 -286.8900 3 233 474.6899 -295.3000 4 253 489.9600 -304.2200 6 235 529.6700 -304.6800 7 242 548.7600 -303.1800 8 188 553.0200 -317.0400 9 180 560.7100 -347.7300
-1.1558965379e-02 -4.9195727373e-01 -1.7157650755e+00
213 230 159
11 5 270 112.6100 -265.8000 14 177 270.1100 -366.0300 0 308 78.4900 -229.3800 1 315 76.5900 -236.0100 2 217 73.3400 -241.5800 4 267 95.7500 -257.6100 6 241 128.8000 -269.1200 7 250 145.0601 -270.8100 8 286 148.4301 -280.9900 9 269 155.0601 -308.8600 10 275 172.7500 -329.2300
1.1873069526e-01 -4.3198484554e-01 -1.6783446547e+00
207 224 153
19 5 412 227.8000 -214.2400 14 239 381.7100 -310.1900 0 315 194.2100 -179.9400 1 319 192.0800 -186.9400 2 326 188.4100 -192.7100 3 254 198.4600 -199.2900 6 361 243.5200 -216.0000 7 398 259.7100 -216.0300 8 295 263.2800 -226.5700 9 279 269.8300 -254.1500 10 288 288.5200 -274.0900 13 261 378.3300 -295.9400 12 222 357.6200 -305.9500 19 261 367.8700 -78.9900 23 222 411.5900 132.2900 20 164 379.7800 -32.4600 21 190 406.1100 32.1400 27 444 360.0500 140.7600 25 217 360.2600 89.0700
1.6716942502e-01 -4.1175624745e-01 -1.6701799184e+00
214 228 156
17 5 286 266.4399 -196.9100 14 246 419.4399 -291.1300 0 317 232.6899 -163.0000 1 226 230.5601 -170.3300 2 226 227.0100 -175.8500 3 256 237.0601 -182.5200 4 276 250.2600 -191.1100 6 254 281.9900 -197.6000 7 264 298.1801 -197.6400 8 297 301.8700 -207.8900 9 280 308.2100 -235.5100 10 219 327.6200 -255.0900 13 267 418.4600 -276.5100 12 224 398.3500 -286.5300 19 203 396.3600 -62.6200 22 216 435.9399 110.0300 21 192 432.5699 50.3900
-1.0810949926e-01 -4.1201497327e-01 -1.8660069452e+00
98 11 6
7 5 431 -3.6900 -174.6800 14 334 127.5500 -246.2900 0 325 -32.3200 -138.0000 1 328 -34.1600 -145.0800 2 333 -37.3600 -151.0300 3 394 -29.2100 -157.2800 10 416 45.6800 -229.9700
-1.0814952834e-01 -4.1203833551e-01 -1.8649554178e+00
98 11 6
9 5 432 -3.6900 -174.6800 14 335 127.5500 -246.2900 0 326 -32.3200 -138.0000 1 329 -34.1600 -145.0800 2 334 -37.3600 -151.0300 3 395 -29.2100 -157.2800 6 374 9.5600 -179.7100 10 417 45.6800 -229.9700 13 373 114.6000 -234.1000
-2.8607918629e-01 -3.9982512415e-01 -1.9182755552e+00
107 52 12
12 5 439 -137.9800 -159.9700 14 338 -9.3100 -238.7300 0 333 -164.7700 -121.1100 1 333 -166.5700 -128.1400 2 340 -169.7800 -134.2700 3 401 -162.3000 -140.4200 4 441 -151.4600 -148.6900 6 381 -124.4300 -167.0600 7 416 -110.3900 -170.4700 8 428 -108.2400 -177.8600 9 414 -103.1300 -202.6500 10 420 -91.2300 -217.8600
-7.6721911287e-02 -3.5382119239e-01 -1.8485206930e+00
78 1 3
12 5 453 22.8700 -132.5300 14 578 152.8900 -205.8100 0 340 -5.1200 -96.2200 1 340 -6.6800 -103.5900 2 346 -10.2100 -109.4500 3 413 -2.0100 -115.5300 4 450 9.4300 -123.7100 6 392 35.9000 -136.5100 7 425 49.7400 -138.6100 9 426 57.9600 -171.2000 10 426 72.0200 -186.5000 13 681 141.9700 -191.0100
-2.4267241382e-01 -3.3836116460e-01 -1.8776453439e+00
151 87 20
5 5 469 -99.6700 -117.3300 14 353 31.8200 -201.5700 0 345 -126.3400 -79.0800 3 430 -123.7300 -98.5200 4 470 -112.5200 -106.5600
-2.5315516231e-01 -3.0139742375e-01 -1.8637990733e+00
112 58 14
13 5 491 -104.5100 -89.0400 14 364 27.3500 -176.6800 0 356 -130.7700 -50.5900 1 364 -132.7200 -57.9800 2 229 -136.1300 -63.8900 3 268 -128.6400 -69.9000 4 289 -117.4000 -78.2100 6 263 -92.3000 -95.2400 7 277 -78.6700 -98.2100 9 445 -69.6400 -131.2000 10 440 -57.2300 -147.1300 13 278 9.3400 -156.7100 11 331 -35.8000 -178.2600
-3.5147687769e-02 -2.5830833076e-01 -1.8269775016e+00
75 5 1
12 5 512 58.1700 -63.9300 14 633 187.6100 -136.8700 0 363 31.4500 -28.8900 1 376 29.2200 -36.2600 2 380 25.9100 -42.2800 3 465 34.2100 -47.8800 4 498 45.6500 -55.7700 6 454 70.0500 -67.4400 7 500 83.6000 -68.9600 8 467 86.7400 -76.4700 9 455 91.7500 -101.3300 10 455 106.4399 -115.9800
-3.3189148833e-01 -2.2178930825e-01 -1.8770184533e+00
102 59 8
11 5 533 -161.1200 -26.1200 14 376 -33.3500 -117.7100 0 378 -185.8600 12.6600 1 397 -187.5200 5.0400 4 528 -172.6400 -14.9400 6 474 -149.7400 -33.4900 7 526 -136.5000 -37.4400 8 486 -133.6500 -44.2000 10 482 -116.7500 -84.5600 13 436 -54.0300 -93.6200 11 348 -96.9300 -114.2100
-3.3174931188e-01 -2.2190458116e-01 -1.8778962338e+00
102 59 8
13 5 534 -161.1200 -26.1200 14 377 -33.3500 -117.7100 0 379 -185.8600 12.6600 1 398 -187.5200 5.0400 2 396 -189.7200 -1.9300 4 529 -172.6400 -14.9400 6 475 -149.7400 -33.4900 7 527 -136.5000 -37.4400 8 487 -133.6500 -44.2000 9 469 -128.8700 -69.6700 10 483 -116.7500 -84.5600 13 437 -54.0300 -93.6200 11 349 -96.9300 -114.2100
-3.5073366789e-01 -2.2263066320e-01 -1.8944382114e+00
160 113 32
14 5 1030 -173.5900 -28.3200 14 646 -48.0900 -117.9500 0 380 -201.5600 12.5900 1 395 -202.5500 4.6300 2 699 -203.4300 -2.4500 3 483 -198.3800 -7.4000 6 472 -165.0600 -34.4800 7 524 -152.3000 -38.2600 8 488 -149.4800 -44.9100 9 468 -142.5200 -71.3900 10 480 -132.8600 -85.0900 13 438 -71.8500 -92.9400 11 350 -113.8600 -114.4400 15 369 -24.2000 -151.4500
-3.6409808401e-01 -2.1751604303e-01 -1.9108161073e+00
158 112 31
13 5 535 -185.0400 -24.2500 14 378 -60.3900 -113.4000 0 382 -208.8500 14.7900 1 399 -210.4100 7.2700 2 703 -216.3400 2.2700 3 948 -206.5200 -4.5800 4 1031 -199.0900 -11.4700 6 476 -173.0200 -32.0500 7 528 -160.2900 -35.9900 8 490 -157.6000 -42.6900 9 470 -152.7100 -68.1700 10 855 -144.3700 -81.2200 15 378 -39.1300 -145.3600
-3.6252907576e-01 -2.1905494922e-01 -1.8987024853e+00
158 112 31
9 5 536 -185.0400 -24.2500 14 379 -60.3900 -113.4000 0 383 -208.8500 14.7900 1 400 -210.4100 7.2700 3 949 -206.5200 -4.5800 6 477 -173.0200 -32.0500 7 529 -160.2900 -35.9900 8 491 -157.6000 -42.6900 9 471 -152.7100 -68.1700
-1.5696127642e-01 -1.8596845834e-01 -1.7979033440e+00
93 34 0
12 5 554 -18.0400 -2.0800 14 384 117.2500 -93.5600 0 391 -43.8800 34.4400 1 410 -45.4800 26.8000 2 404 -48.8700 20.7000 3 500 -41.3800 15.3000 4 548 -29.9100 7.1300 6 490 -6.6100 -6.9900 8 515 9.8400 -16.8000 9 486 15.0800 -42.7900 10 503 29.0600 -57.9000 11 362 53.9800 -87.2900
-1.5681958591e-01 -1.8589446322e-01 -1.7982030944e+00
93 34 0
14 5 555 -18.0400 -2.0800 14 385 117.2500 -93.5600 0 392 -43.8800 34.4400 1 411 -45.4800 26.8000 2 405 -48.8700 20.7000 3 501 -41.3800 15.3000 4 549 -29.9100 7.1300 6 491 -6.6100 -6.9900 7 545 6.0700 -9.3200 8 516 9.8400 -16.8000 9 487 15.0800 -42.7900 10 504 29.0600 -57.9000 13 448 102.7700 -68.5700 11 363 53.9800 -87.2900
-3.5820063645e-01 -1.8612666992e-01 -1.8759872866e+00
103 62 10
13 5 558 -178.8700 1.5000 14 668 -52.7400 -91.0600 0 397 -203.6600 41.1100 1 422 -205.2100 33.4200 2 411 -208.5100 27.0900 3 511 -201.7300 21.3300 4 554 -189.9500 13.0600 6 493 -168.3600 -5.7100 7 546 -155.9700 -9.6900 8 517 -152.2800 -16.3300 9 901 -147.1900 -42.1900 13 451 -74.6300 -65.2000 11 550 -116.9000 -85.6300
-1.5918542767e-01 -1.7247212109e-01 -1.7936048082e+00
98 37 4
13 5 565 -18.3100 8.6900 14 391 117.1801 -83.4600 0 402 -44.0700 45.3300 1 426 -45.9300 37.7400 2 415 -49.2500 31.6000 3 518 -41.5200 26.0100 4 562 -30.0400 17.9400 6 501 -7.0300 3.8400 7 558 5.4500 1.5900 8 523 9.3300 -5.8200 9 494 14.5000 -31.7900 10 515 28.8700 -47.1300 11 369 53.5000 -76.0200
-1.7506090267e-01 -1.5164655648e-01 -1.7882423881e+00
100 45 21
11 5 583 -28.1700 26.6600 14 268 107.6400 -67.9400 0 413 -53.7500 63.2200 1 444 -55.5300 55.6200 2 433 -59.2000 49.3500 3 539 -51.1300 44.1800 7 301 -4.8000 19.1200 10 313 18.7700 -29.4500 13 293 92.4600 -40.9100 11 260 43.5700 -58.3000 12 232 69.2900 -49.7300
-3.7726561465e-01 -1.3922605990e-01 -1.8717390335e+00
106 60 8
14 5 593 -191.2000 38.6300 14 401 -68.0000 -54.7600 0 430 -214.3900 77.4200 1 465 -216.3100 69.9900 2 453 -219.2700 63.5100 3 563 -212.5300 58.2000 4 598 -201.6600 50.0600 6 525 -180.3800 30.2900 7 589 -168.0500 26.0400 8 547 -164.9000 19.7900 9 521 -160.7400 -5.5900 10 533 -149.3200 -19.7500 13 494 -87.4500 -28.6300 11 375 -131.6100 -47.3800
-3.7726561465e-01 -1.3922605990e-01 -1.8717390335e+00
106 60 8
