# Bundle file v0.3
200 7137
5.3200000000e+02 0.0000000000e+00 0.0000000000e+00
9.7749325136e-01 2.9024329716e-02 2.0896059875e-01
-4.6762970192e-02 9.9566062418e-01 8.0455864095e-02
-2.0571866266e-01 -8.8416682435e-02 9.7460880465e-01
4.5962514894e-01 3.6396109774e-01 9.8359882239e-01
5.3200000000e+02 0.0000000000e+00 0.0000000000e+00
9.7749093068e-01 2.8391914656e-02 2.0905831631e-01
-4.7775264531e-02 9.9495117386e-01 8.8259196287e-02
-2.0549696965e-01 -9.6260380284e-02 9.7391218015e-01
4.5668593737e-01 3.6810026790e-01 9.7789130258e-01
5.3200000000e+02 0.0000000000e+00 0.0000000000e+00
9.7757833267e-01 2.6881899900e-02 2.0884914877e-01
-4.7725337218e-02 9.9429311288e-01 9.5412252191e-02
-2.0509240764e-01 -1.0324034647e-01 9.7328235122e-01
4.5102325420e-01 3.7316467797e-01 9.7304511493e-01
5.3200000000e+02 0.0000000000e+00 0.0000000000e+00
9.7779071438e-01 2.5120590595e-02 2.0807276323e-01
-4.5564641692e-02 9.9452405277e-01 9.4051963748e-02
-2.0457072688e-01 -1.0144389772e-01 9.7358099474e-01
4.6031335594e-01 3.6286324882e-01 9.7755360322e-01
5.3200000000e+02 0.0000000000e+00 0.0000000000e+00
9.7802566340e-01 2.3359880184e-02 2.0717171075e-01
-4.3970311133e-02 9.9446307990e-01 9.5445243228e-02
-2.0379502809e-01 -1.0245730191e-01 9.7363755464e-01
4.7386534286e-01 3.5462190313e-01 9.7835853202e-01
5.3200000000e+02 0.0000000000e+00 0.0000000000e+00
9.7882109051e-01 8.4874144896e-03 2.0454152775e-01
-2.9591446366e-02 9.9451296783e-01 1.0034093445e-01
-2.0256756671e-01 -1.0426850253e-01 9.7370142256e-01
4.8249476833e-01 3.5298713131e-01 9.7882905668e-01
5.3200000000e+02 0.0000000000e+00 0.0000000000e+00
9.7935290171e-01 -7.2363055477e-03 2.0202853709e-01
-1.4245196059e-02 9.9440468715e-01 1.0467278809e-01
-2.0165556850e-01 -1.0538953486e-01 9.7377003324e-01
4.9031939245e-01 3.5647780965e-01 9.7931625732e-01
5.3200000000e+02 0.0000000000e+00 0.0000000000e+00
9.7977909421e-01 -1.6709802548e-02 1.9938332189e-01
-4.8963701066e-03 9.9420569157e-01 1.0738281248e-01
-2.0002237902e-01 -1.0618768928e-01 9.7402013456e-01
5.0103972971e-01 3.5944481186e-01 9.7997940767e-01
5.3200000000e+02 0.0000000000e+00 0.0000000000e+00
9.7962029006e-01 -1.1737424148e-02 2.0051513704e-01
-9.7202645979e-03 9.9435117012e-01 1.0569421428e-01
-2.0062303897e-01 -1.0548925704e-01 9.7397249083e-01
5.0895858603e-01 3.4565668070e-01 9.8278325981e-01
5.3200000000e+02 0.0000000000e+00 0.0000000000e+00
9.7946338730e-01 -1.4161885941e-02 2.0112412567e-01
-6.8549611950e-03 9.9461438967e-01 1.0341772269e-01
-2.0150553949e-01 -1.0267257105e-01 9.7409129999e-01
5.1654783489e-01 3.0737556604e-01 9.8451847745e-01
5.3200000000e+02 0.0000000000e+00 0.0000000000e+00
9.7912185287e-01 -1.3629652447e-02 2.0281673945e-01
-6.0021119107e-03 9.9537605781e-01 9.5866981739e-02
-2.0318556021e-01 -9.5082785557e-02 9.7451264333e-01
5.3833184774e-01 2.7473319453e-01 9.9591452539e-01
5.3200000000e+02 0.0000000000e+00 0.0000000000e+00
9.7977437306e-01 -1.6001834677e-02 1.9946458126e-01
1.4290817925e-03 9.9733163466e-01 7.2990192679e-02
-2.0010031388e-01 -7.1228869071e-02 9.7718284502e-01
5.6238076755e-01 1.9973393912e-01 1.0294434882e+00
5.3200000000e+02 0.0000000000e+00 0.0000000000e+00
9.8270097020e-01 -1.8977125724e-02 1.8422451484e-01
1.3318561856e-02 9.9940217619e-01 3.1904641431e-02
-1.8471983943e-01 -2.8899116491e-02 9.8236623618e-01
5.6821980265e-01 1.4157485710e-01 1.0597335837e+00
5.3200000000e+02 0.0000000000e+00 0.0000000000e+00
9.8375174499e-01 -2.1657502906e-02 1.7822305351e-01
2.5518867534e-02 9.9948604556e-01 -1.9401858862e-02
-1.7771125917e-01 2.3634663006e-02 9.8379881636e-01
5.8325918507e-01 6.3422458843e-02 1.0803770253e+00
5.3200000000e+02 0.0000000000e+00 0.0000000000e+00
9.8115187597e-01 -2.5174280607e-02 1.9159136690e-01
3.2615509489e-02 9.9882715905e-01 -3.5784561965e-02
-1.9046581010e-01 4.1358940148e-02 9.8082221287e-01
6.3040235681e-01 4.1956323834e-04 1.0550849999e+00
5.3200000000e+02 0.0000000000e+00 0.0000000000e+00
9.7884337668e-01 -5.0646064003e-02 1.9824384006e-01
5.9356744323e-02 9.9750403632e-01 -3.8242311960e-02
-1.9581220806e-01 4.9200342699e-02 9.7940640464e-01
6.7136684814e-01 -5.8674641835e-02 1.0065899542e+00
5.3200000000e+02 0.0000000000e+00 0.0000000000e+00
9.7746168414e-01 -5.9821741496e-02 2.0245991031e-01
7.1698690666e-02 9.9607824921e-01 -5.1840324235e-02
-1.9856473452e-01 6.5188041114e-02 9.7791746354e-01
7.0766924942e-01 -1.8380956227e-02 9.6363810662e-01
5.3200000000e+02 0.0000000000e+00 0.0000000000e+00
9.7453031943e-01 -6.8281851029e-02 2.1360769026e-01
8.8749614049e-02 9.9218236919e-01 -8.7736265391e-02
-2.0594698960e-01 1.0445925080e-01 9.7297178911e-01
7.3970951694e-01 2.5510002142e-02 9.3425938680e-01
5.3200000000e+02 0.0000000000e+00 0.0000000000e+00
9.7056228404e-01 -5.3484363462e-02 2.3483669999e-01
7.0129250338e-02 9.9553998166e-01 -6.3103352953e-02
-2.3041428134e-01 7.7714656095e-02 9.6998437677e-01
7.8504325695e-01 1.5120982019e-01 8.9926827124e-01
5.3200000000e+02 0.0000000000e+00 0.0000000000e+00
9.6713083355e-01 -8.1666810796e-02 2.4080797913e-01
1.0595306058e-01 9.9031939287e-01 -8.9674127032e-02
-2.3115341172e-01 1.1224095562e-01 9.6642126846e-01
7.9713217156e-01 1.4960196995e-01 8.8742041504e-01
5.3200000000e+02 0.0000000000e+00 0.0000000000e+00
9.6165888662e-01 -1.4356513529e-01 2.3366907735e-01
1.7479131154e-01 9.7740800163e-01 -1.1883432060e-01
-2.1132956062e-01 1.5512140494e-01 9.6502702892e-01
7.8760046674e-01 1.5580550309e-01 8.8628101171e-01
5.3200000000e+02 0.0000000000e+00 0.0000000000e+00
9.6694168866e-01 -1.7111965338e-01 1.8905511092e-01
2.1140756861e-01 9.5252213412e-01 -2.1910824711e-01
-1.4258545042e-01 2.5183257979e-01 9.5720935071e-01
7.4976426719e-01 7.3978233065e-02 8.8713107164e-01
5.3200000000e+02 0.0000000000e+00 0.0000000000e+00
9.6495949205e-01 -2.0120400176e-01 1.6843434442e-01
2.4530101208e-01 9.1962462267e-01 -3.0678651673e-01
-9.3169695582e-02 3.3735367651e-01 9.3675605403e-01
7.0633220446e-01 3.4452007956e-03 8.8401313076e-01
5.3200000000e+02 0.0000000000e+00 0.0000000000e+00
9.5454720648e-01 -2.4237104656e-01 1.7348171773e-01
2.8896950502e-01 8.9517717786e-01 -3.3934414007e-01
-7.3049680116e-02 3.7405092704e-01 9.2452671579e-01
7.1383195201e-01 5.1685739776e-03 8.5901257514e-01
0 0 0
0 0 0
0 0 0
0 0 0
0 0 0
5.3200000000e+02 0.0000000000e+00 0.0000000000e+00
8.8401377387e-01 -3.1601374412e-01 3.4446329431e-01
3.9233163914e-01 9.0220515816e-01 -1.7916957755e-01
-2.5415651189e-01 2.9353222330e-01 9.2154397689e-01
8.9065816701e-01 1.8830703056e-01 8.5766844329e-01
0 0 0
0 0 0
0 0 0
0 0 0
0 0 0
5.3200000000e+02 0.0000000000e+00 0.0000000000e+00
8.5009201369e-01 -3.5828297672e-01 3.8597522828e-01
4.3609987768e-01 8.8978354471e-01 -1.3454419442e-01
-2.9522951231e-01 2.8269869500e-01 9.1264504760e-01
9.5037743272e-01 3.3750308219e-01 8.4055243884e-01
5.3200000000e+02 0.0000000000e+00 0.0000000000e+00
8.2925647611e-01 -3.8553865474e-01 4.0459070990e-01
4.5325563927e-01 8.8747855081e-01 -8.3313548192e-02
-3.2694498360e-01 2.5247132025e-01 9.1069490509e-01
1.0059323517e+00 4.3243257114e-01 8.0342590040e-01
5.3200000000e+02 0.0000000000e+00 0.0000000000e+00
8.1438045118e-01 -4.0420143619e-01 4.1642007602e-01
4.6669589827e-01 8.8264593618e-01 -5.5956142578e-02
-3.4493393465e-01 2.3991113008e-01 9.0744874808e-01
1.0461420221e+00 5.2566173249e-01 7.7038775271e-01
5.3200000000e+02 0.0000000000e+00 0.0000000000e+00
7.9126465822e-01 -4.2480783910e-01 4.3981648501e-01
4.8611134326e-01 8.7334655478e-01 -3.1008985834e-02
-3.7093935165e-01 2.3833609689e-01 8.9755217247e-01
1.0962241726e+00 5.9106720879e-01 7.3207836856e-01
5.3200000000e+02 0.0000000000e+00 0.0000000000e+00
7.7418084954e-01 -4.3094389783e-01 4.6360691230e-01
4.8451251986e-01 8.7477494141e-01 4.0521586195e-03
-4.0729796257e-01 2.2148624970e-01 8.8603172115e-01
1.1273353520e+00 6.5132392855e-01 6.9202560783e-01
5.3200000000e+02 0.0000000000e+00 0.0000000000e+00
7.4574774224e-01 -4.4350516643e-01 4.9715538043e-01
4.9243964866e-01 8.6955781020e-01 3.7046013945e-02
-4.4873544251e-01 2.1719203961e-01 8.6687030204e-01
1.1343353575e+00 6.8269788369e-01 6.4702495644e-01
5.3200000000e+02 0.0000000000e+00 0.0000000000e+00
7.0673697064e-01 -4.6533292424e-01 5.3290536116e-01
5.1789242791e-01 8.5344962200e-01 5.8405272210e-02
-4.8198577515e-01 2.3471048618e-01 8.4415679837e-01
1.1356654182e+00 7.2219573043e-01 6.0145556454e-01
5.3200000000e+02 0.0000000000e+00 0.0000000000e+00
6.8056877155e-01 -4.7803813644e-01 5.5525281386e-01
5.4043180335e-01 8.3923662869e-01 6.0127755606e-02
-4.9473185981e-01 2.5915520674e-01 8.2950525357e-01
1.1413781389e+00 7.5037897677e-01 5.7353195532e-01
5.3200000000e+02 0.0000000000e+00 0.0000000000e+00
6.5570038610e-01 -4.9413496249e-01 5.7086569569e-01
5.6376017128e-01 8.2336452413e-01 6.5156194440e-02
-5.0222651557e-01 2.7910840053e-01 8.1845404747e-01
1.1612674886e+00 7.8956881966e-01 5.3493813872e-01
5.3200000000e+02 0.0000000000e+00 0.0000000000e+00
6.4678771685e-01 -4.9862175663e-01 5.7709790603e-01
5.6886014032e-01 8.1941299743e-01 7.0430678045e-02
-5.0799979340e-01 2.8273429835e-01 8.1363230420e-01
1.2411941280e+00 8.3129485214e-01 4.9591642755e-01
0 0 0
0 0 0
0 0 0
0 0 0
0 0 0
5.3200000000e+02 0.0000000000e+00 0.0000000000e+00
6.0768773165e-01 -5.2833020505e-01 5.9294419234e-01
5.0536282883e-01 8.3319832989e-01 2.2447484113e-01
-6.1263694962e-01 1.6324134736e-01 7.7332285009e-01
1.3830657890e+00 9.9821116428e-01 3.4729708008e-01
5.3200000000e+02 0.0000000000e+00 0.0000000000e+00
5.8814074749e-01 -5.4672605097e-01 5.9597070929e-01
4.8053773481e-01 8.2894896034e-01 2.8622911551e-01
-6.5051821386e-01 1.1804340870e-01 7.5026115927e-01
1.4308033989e+00 1.0618082069e+00 2.6089004336e-01
5.3200000000e+02 0.0000000000e+00 0.0000000000e+00
5.6670349652e-01 -5.5966997636e-01 6.0466243855e-01
4.7655146003e-01 8.2132235018e-01 3.1357344122e-01
-6.7212041553e-01 1.1044960236e-01 7.3215779198e-01
1.4892445196e+00 1.1220068927e+00 1.9761719428e-01
5.3200000000e+02 0.0000000000e+00 0.0000000000e+00
5.5599943951e-01 -5.6682541384e-01 6.0792563155e-01
4.7729979415e-01 8.1651727804e-01 3.2478368365e-01
-6.8047742781e-01 1.0958323272e-01 7.2452880229e-01
1.5648354443e+00 1.1694263890e+00 1.6851388659e-01
5.3200000000e+02 0.0000000000e+00 0.0000000000e+00
5.3994061197e-01 -5.7907073258e-01 6.1085286462e-01
4.9066022983e-01 8.0621277472e-01 3.3056542582e-01
-6.8389814622e-01 1.2123550864e-01 7.1943399769e-01
1.6249338484e+00 1.2331290989e+00 1.5690165721e-01
5.3200000000e+02 0.0000000000e+00 0.0000000000e+00
5.2541573264e-01 -5.8076610554e-01 6.2181109555e-01
5.0981026360e-01 7.9998851959e-01 3.1640458855e-01
-6.8119879846e-01 1.5076172983e-01 7.1640707548e-01
1.6837771967e+00 1.2751219814e+00 1.4639990898e-01
5.3200000000e+02 0.0000000000e+00 0.0000000000e+00
4.9382734352e-01 -5.8608474069e-01 6.4237001138e-01
5.3227184344e-01 7.8790085012e-01 3.0967553190e-01
-6.8761998187e-01 1.8898922486e-01 7.0104338911e-01
1.7193557825e+00 1.3054800725e+00 1.0855248461e-01
5.3200000000e+02 0.0000000000e+00 0.0000000000e+00
4.4919263758e-01 -5.9458921951e-01 6.6685053377e-01
5.6624022395e-01 7.6680602878e-01 3.0229211534e-01
-6.9108464252e-01 2.4181020298e-01 6.8112395539e-01
1.7208153069e+00 1.3482508934e+00 5.7669848242e-02
5.3200000000e+02 0.0000000000e+00 0.0000000000e+00
4.0222160669e-01 -6.0631139476e-01 6.8600602891e-01
5.8391123217e-01 7.4700223752e-01 3.1786055131e-01
-7.0517051275e-01 2.7271624397e-01 6.5449247377e-01
1.7130420276e+00 1.3881996760e+00 -1.0893969619e-02
5.3200000000e+02 0.0000000000e+00 0.0000000000e+00
3.9272939051e-01 -6.0095617266e-01 6.9614316371e-01
5.8205494981e-01 7.4848576368e-01 3.1777523026e-01
-7.1202223366e-01 2.8039390171e-01 6.4374187269e-01
1.7847738006e+00 1.3666203746e+00 -4.1894926676e-02
5.3200000000e+02 0.0000000000e+00 0.0000000000e+00
3.5503966941e-01 -6.1434165349e-01 7.0464967603e-01
5.9655252928e-01 7.2922587304e-01 3.3519353498e-01
-7.1977212571e-01 3.0135354465e-01 6.2539118013e-01
1.7710572303e+00 1.3923227859e+00 -7.6125416497e-02
5.3200000000e+02 0.0000000000e+00 0.0000000000e+00
3.2582689165e-01 -6.2730740464e-01 7.0733461443e-01
6.0913880203e-01 7.1146683356e-01 3.5037817370e-01
-7.2303994118e-01 3.1670232843e-01 6.1393230786e-01
1.7684914175e+00 1.4302077133e+00 -9.3909890937e-02
0 0 0
0 0 0
0 0 0
0 0 0
0 0 0
0 0 0
0 0 0
0 0 0
0 0 0
0 0 0
0 0 0
0 0 0
0 0 0
0 0 0
0 0 0
0 0 0
0 0 0
0 0 0
0 0 0
0 0 0
0 0 0
0 0 0
0 0 0
0 0 0
0 0 0
0 0 0
0 0 0
0 0 0
0 0 0
0 0 0
5.3200000000e+02 0.0000000000e+00 0.0000000000e+00
8.9237838896e-01 -3.6117825088e-01 2.7057546454e-01
2.3631047474e-01 8.8477097642e-01 4.0166861816e-01
-3.8447128690e-01 -2.9450057789e-01 8.7490070247e-01
1.9504640074e+00 1.2063717370e+00 4.9229458368e-01
0 0 0
0 0 0
0 0 0
0 0 0
0 0 0
0 0 0
0 0 0
0 0 0
0 0 0
0 0 0
5.3200000000e+02 0.0000000000e+00 0.0000000000e+00
8.8013406093e-01 -4.0270208949e-01 2.5138628026e-01
3.0719273849e-01 8.8685080810e-01 3.4514962783e-01
-3.6193460210e-01 -2.2655390372e-01 9.0425476084e-01
1.8854868158e+00 1.2541922749e+00 5.8889152965e-01
5.3200000000e+02 0.0000000000e+00 0.0000000000e+00
8.8101854124e-01 -3.8880655825e-01 2.6951027855e-01
2.8914034281e-01 8.9344582584e-01 3.4373306278e-01
-3.7443850249e-01 -2.2490890722e-01 8.9956199970e-01
1.9018738545e+00 1.2181430985e+00 5.7209231243e-01
5.3200000000e+02 0.0000000000e+00 0.0000000000e+00
8.7554501432e-01 -3.8863251854e-01 2.8702908116e-01
2.8194504470e-01 8.9344211143e-01 3.4966867933e-01
-3.9233648781e-01 -2.2522424173e-01 8.9182179905e-01
1.9365133459e+00 1.1782898044e+00 5.6856832710e-01
5.3200000000e+02 0.0000000000e+00 0.0000000000e+00
8.6981436230e-01 -3.8685168502e-01 3.0621683321e-01
2.6441552960e-01 8.8950186376e-01 3.7265380995e-01
-4.1654219816e-01 -2.4317114993e-01 8.7599108956e-01
1.9780560815e+00 1.1688507831e+00 5.4439846896e-01
0 0 0
0 0 0
0 0 0
0 0 0
0 0 0
0 0 0
0 0 0
0 0 0
0 0 0
0 0 0
0 0 0
0 0 0
0 0 0
0 0 0
0 0 0
0 0 0
0 0 0
0 0 0
0 0 0
0 0 0
0 0 0
0 0 0
0 0 0
0 0 0
0 0 0
0 0 0
0 0 0
0 0 0
0 0 0
0 0 0
0 0 0
0 0 0
0 0 0
0 0 0
0 0 0
0 0 0
0 0 0
0 0 0
0 0 0
0 0 0
0 0 0
0 0 0
0 0 0
0 0 0
0 0 0
0 0 0
0 0 0
0 0 0
0 0 0
0 0 0
0 0 0
0 0 0
0 0 0
0 0 0
0 0 0
0 0 0
0 0 0
0 0 0
0 0 0
0 0 0
0 0 0
0 0 0
0 0 0
0 0 0
0 0 0
0 0 0
0 0 0
0 0 0
0 0 0
0 0 0
0 0 0
0 0 0
0 0 0
0 0 0
0 0 0
0 0 0
0 0 0
0 0 0
0 0 0
0 0 0
0 0 0
0 0 0
0 0 0
0 0 0
0 0 0
0 0 0
0 0 0
0 0 0
0 0 0
0 0 0
0 0 0
0 0 0
0 0 0
0 0 0
0 0 0
0 0 0
0 0 0
0 0 0
0 0 0
0 0 0
0 0 0
0 0 0
0 0 0
0 0 0
0 0 0
0 0 0
0 0 0
0 0 0
0 0 0
0 0 0
0 0 0
0 0 0
0 0 0
0 0 0
0 0 0
0 0 0
0 0 0
0 0 0
0 0 0
0 0 0
0 0 0
0 0 0
0 0 0
0 0 0
0 0 0
0 0 0
0 0 0
0 0 0
0 0 0
0 0 0
0 0 0
0 0 0
0 0 0
0 0 0
0 0 0
0 0 0
0 0 0
0 0 0
0 0 0
0 0 0
0 0 0
0 0 0
0 0 0
0 0 0
0 0 0
0 0 0
0 0 0
0 0 0
0 0 0
0 0 0
0 0 0
0 0 0
0 0 0
0 0 0
0 0 0
0 0 0
0 0 0
0 0 0
0 0 0
0 0 0
0 0 0
0 0 0
0 0 0
0 0 0
0 0 0
0 0 0
0 0 0
0 0 0
0 0 0
0 0 0
0 0 0
0 0 0
0 0 0
0 0 0
0 0 0
0 0 0
0 0 0
0 0 0
0 0 0
0 0 0
0 0 0
0 0 0
0 0 0
0 0 0
0 0 0
0 0 0
0 0 0
0 0 0
0 0 0
0 0 0
0 0 0
0 0 0
0 0 0
0 0 0
0 0 0
0 0 0
0 0 0
0 0 0
0 0 0
0 0 0
0 0 0
0 0 0
0 0 0
0 0 0
0 0 0
0 0 0
0 0 0
0 0 0
0 0 0
0 0 0
0 0 0
0 0 0
0 0 0
0 0 0
0 0 0
0 0 0
0 0 0
0 0 0
0 0 0
0 0 0
0 0 0
0 0 0
0 0 0
0 0 0
0 0 0
0 0 0
0 0 0
0 0 0
0 0 0
0 0 0
0 0 0
0 0 0
0 0 0
0 0 0
0 0 0
0 0 0
0 0 0
0 0 0
0 0 0
0 0 0
0 0 0
0 0 0
0 0 0
0 0 0
0 0 0
0 0 0
0 0 0
0 0 0
0 0 0
0 0 0
0 0 0
0 0 0
0 0 0
0 0 0
0 0 0
0 0 0
0 0 0
0 0 0
0 0 0
0 0 0
0 0 0
0 0 0
0 0 0
0 0 0
0 0 0
0 0 0
0 0 0
0 0 0
0 0 0
0 0 0
0 0 0
0 0 0
0 0 0
0 0 0
0 0 0
0 0 0
0 0 0
0 0 0
0 0 0
0 0 0
0 0 0
0 0 0
0 0 0
0 0 0
0 0 0
0 0 0
0 0 0
0 0 0
0 0 0
0 0 0
0 0 0
0 0 0
0 0 0
0 0 0
0 0 0
0 0 0
0 0 0
0 0 0
0 0 0
0 0 0
0 0 0
0 0 0
0 0 0
0 0 0
0 0 0
0 0 0
0 0 0
0 0 0
0 0 0
0 0 0
0 0 0
0 0 0
0 0 0
0 0 0
0 0 0
0 0 0
0 0 0
0 0 0
0 0 0
0 0 0
0 0 0
0 0 0
0 0 0
0 0 0
0 0 0
0 0 0
0 0 0
0 0 0
0 0 0
0 0 0
0 0 0
0 0 0
0 0 0
0 0 0
0 0 0
0 0 0
0 0 0
0 0 0
0 0 0
0 0 0
0 0 0
0 0 0
0 0 0
0 0 0
0 0 0
0 0 0
0 0 0
0 0 0
0 0 0
0 0 0
0 0 0
0 0 0
0 0 0
0 0 0
0 0 0
0 0 0
0 0 0
0 0 0
0 0 0
0 0 0
0 0 0
0 0 0
0 0 0
0 0 0
0 0 0
0 0 0
0 0 0
0 0 0
0 0 0
0 0 0
0 0 0
0 0 0
0 0 0
0 0 0
0 0 0
0 0 0
0 0 0
0 0 0
0 0 0
0 0 0
0 0 0
0 0 0
0 0 0
0 0 0
0 0 0
0 0 0
0 0 0
0 0 0
0 0 0
0 0 0
0 0 0
0 0 0
0 0 0
0 0 0
0 0 0
0 0 0
0 0 0
0 0 0
0 0 0
0 0 0
0 0 0
0 0 0
0 0 0
0 0 0
0 0 0
0 0 0
0 0 0
0 0 0
0 0 0
0 0 0
0 0 0
0 0 0
0 0 0
0 0 0
0 0 0
0 0 0
0 0 0
0 0 0
0 0 0
0 0 0
0 0 0
0 0 0
0 0 0
0 0 0
0 0 0
0 0 0
0 0 0
0 0 0
0 0 0
0 0 0
0 0 0
0 0 0
0 0 0
0 0 0
0 0 0
0 0 0
0 0 0
0 0 0
0 0 0
0 0 0
0 0 0
0 0 0
0 0 0
0 0 0
0 0 0
0 0 0
0 0 0
0 0 0
0 0 0
0 0 0
0 0 0
0 0 0
0 0 0
0 0 0
0 0 0
0 0 0
0 0 0
0 0 0
0 0 0
0 0 0
0 0 0
0 0 0
0 0 0
0 0 0
0 0 0
0 0 0
0 0 0
0 0 0
0 0 0
0 0 0
0 0 0
0 0 0
0 0 0
0 0 0
0 0 0
0 0 0
0 0 0
0 0 0
0 0 0
0 0 0
0 0 0
0 0 0
0 0 0
0 0 0
0 0 0
0 0 0
0 0 0
0 0 0
0 0 0
0 0 0
0 0 0
0 0 0
0 0 0
0 0 0
0 0 0
0 0 0
0 0 0
0 0 0
0 0 0
0 0 0
0 0 0
0 0 0
0 0 0
0 0 0
0 0 0
0 0 0
0 0 0
0 0 0
0 0 0
0 0 0
0 0 0
0 0 0
0 0 0
0 0 0
0 0 0
0 0 0
0 0 0
0 0 0
0 0 0
0 0 0
0 0 0
0 0 0
0 0 0
0 0 0
0 0 0
0 0 0
0 0 0
0 0 0
0 0 0
0 0 0
0 0 0
0 0 0
0 0 0
0 0 0
0 0 0
0 0 0
0 0 0
0 0 0
0 0 0
0 0 0
0 0 0
0 0 0
0 0 0
0 0 0
0 0 0
0 0 0
0 0 0
0 0 0
0 0 0
0 0 0
0 0 0
0 0 0
0 0 0
0 0 0
0 0 0
0 0 0
0 0 0
0 0 0
0 0 0
0 0 0
0 0 0
0 0 0
0 0 0
0 0 0
0 0 0
0 0 0
0 0 0
0 0 0
0 0 0
0 0 0
0 0 0
0 0 0
0 0 0
0 0 0
0 0 0
0 0 0
0 0 0
0 0 0
0 0 0
0 0 0
0 0 0
0 0 0
0 0 0
0 0 0
0 0 0
0 0 0
0 0 0
0 0 0
0 0 0
0 0 0
0 0 0
0 0 0
0 0 0
0 0 0
0 0 0
0 0 0
0 0 0
0 0 0
0 0 0
0 0 0
0 0 0
0 0 0
0 0 0
0 0 0
0 0 0
0 0 0
0 0 0
0 0 0
0 0 0
0 0 0
0 0 0
0 0 0
0 0 0
0 0 0
0 0 0
0 0 0
0 0 0
0 0 0
0 0 0
0 0 0
0 0 0
0 0 0
0 0 0
0 0 0
0 0 0
0 0 0
0 0 0
0 0 0
0 0 0
0 0 0
0 0 0
0 0 0
0 0 0
0 0 0
0 0 0
0 0 0
0 0 0
0 0 0
0 0 0
0 0 0
0 0 0
0 0 0
0 0 0
0 0 0
0 0 0
0 0 0
0 0 0
0 0 0
0 0 0
0 0 0
0 0 0
0 0 0
0 0 0
0 0 0
0 0 0
0 0 0
0 0 0
0 0 0
0 0 0
0 0 0
0 0 0
0 0 0
0 0 0
0 0 0
0 0 0
0 0 0
0 0 0
0 0 0
0 0 0
0 0 0
0 0 0
0 0 0
0 0 0
0 0 0
0 0 0
0 0 0
0 0 0
0 0 0
0 0 0
0 0 0
0 0 0
0 0 0
0 0 0
0 0 0
0 0 0
1.7675745315e-01 -4.9659937519e-01 -1.7014138459e+00
8 10 5
19 5 19 242.2500 -255.2000 14 34 394.2300 -338.4000 0 25 208.3700 -221.5900 1 22 205.6700 -228.9700 2 23 201.8700 -234.6600 3 22 212.4800 -241.8100 4 23 225.2900 -250.3400 6 21 258.1100 -257.7700 7 21 274.6300 -258.0400 8 21 279.1899 -268.3300 9 21 285.2600 -294.6100 10 34 304.2000 -311.3600 13 25 391.4800 -329.3900 11 29 340.2800 -350.3400 15 32 395.7400 -354.2500 12 23 371.8900 -341.6200 18 30 375.7400 -137.5700 16 40 392.7900 -284.1800 17 38 384.0000 -197.5000
2.2546833000e-01 -4.1952895601e-01 -1.6822293345e+00
160 135 84
30 5 28 286.1801 -194.1700 14 27 439.8000 -284.4400 0 34 252.5800 -160.5000 1 29 250.2100 -167.7800 2 31 246.3600 -173.3400 3 28 256.3101 -180.1800 4 31 269.6000 -188.6400 6 26 302.1600 -194.3500 7 29 318.3101 -194.1700 8 32 321.2700 -204.8300 9 34 327.8600 -231.9000 10 39 346.4600 -251.4100 13 29 438.8199 -271.0400 11 34 384.9301 -288.9700 15 25 437.7200 -302.7600 12 27 418.3700 -282.1400 19 19 410.9900 -56.0600 22 23 449.2300 119.1400 23 20 448.3000 163.4100 18 20 411.5300 -93.5400 20 19 420.7800 -7.9000 21 27 446.1899 58.1900 16 17 433.4900 -236.2700 17 23 421.7400 -151.3200 27 29 387.5300 178.2600 25 25 392.0500 124.2000 30 25 390.1400 215.0100 31 26 376.6200 211.6100 33 36 305.3500 202.9600 28 24 392.1300 179.2100
1.5186559506e-01 -4.2112095008e-01 -1.7024576427e+00
24 17 9
24 5 49 221.8199 -194.9900 14 37 374.2500 -284.2900 0 49 189.7400 -160.2100 1 44 187.5400 -167.5300 2 48 184.1100 -172.8900 3 48 193.8199 -179.8100 4 54 206.9000 -188.0800 6 53 237.2900 -195.7700 7 55 252.7700 -196.2400 8 40 257.1500 -205.6700 9 56 263.6300 -232.9800 10 60 282.0200 -251.8100 13 40 371.0800 -270.2700 11 44 318.3000 -288.6700 15 35 378.1200 -301.9500 12 39 351.1000 -280.8000 19 29 360.3199 -58.1100 22 30 398.9200 110.1800 23 26 397.7600 151.2800 18 37 359.7100 -94.3700 20 32 370.8900 -12.4700 21 39 396.0300 52.4000 16 44 377.8400 -235.9100 17 43 369.5800 -150.8700
1.6369374844e-02 -5.2678486723e-01 -1.7121988450e+00
26 98 24
21 5 45 121.0300 -285.7200 14 72 273.0200 -382.8500 0 63 87.3101 -247.9300 1 56 85.4800 -255.4100 2 56 81.3600 -260.9800 3 44 90.6500 -268.4600 4 66 102.9399 -277.2900 6 49 137.4700 -288.8500 8 51 156.5500 -300.8000 9 54 162.6600 -328.4100 10 58 179.4301 -348.6300 13 78 263.6300 -371.2000 11 62 211.3500 -390.2100 15 61 282.0900 -396.1700 12 49 241.3300 -382.7200 19 54 284.6000 -139.7000 18 72 279.2500 -175.3300 20 77 300.6801 -96.8900 21 88 328.5800 -33.4200 16 90 287.4900 -323.7000 17 89 284.0200 -234.4800
6.4761034860e-02 -5.0667771822e-01 -1.7046913614e+00
23 93 21
20 5 62 160.7300 -267.7400 14 74 313.0100 -364.1500 0 66 126.8700 -231.5900 1 59 124.3199 -238.5800 2 58 121.0000 -244.1700 3 62 130.5800 -251.3700 4 68 143.5100 -260.2900 6 61 177.0300 -270.2600 7 66 193.7700 -271.4800 8 69 195.8300 -281.9600 9 68 202.5699 -309.5500 10 76 219.5900 -329.6900 13 80 305.1100 -352.1300 11 89 253.4399 -370.7200 12 77 283.5100 -363.5900 19 84 313.7400 -123.3200 18 74 310.4301 -159.8700 20 104 326.9900 -79.3100 16 91 323.0100 -308.4300 17 68 317.8700 -220.3500
2.9362798874e-01 -4.1596715532e-01 -1.6742279022e+00
20 15 12
15 5 66 338.1500 -188.9700 14 91 487.5601 -277.2900 0 70 304.3800 -156.3200 1 62 301.5400 -163.4700 2 61 297.9500 -169.1200 3 65 308.5699 -176.2300 4 72 321.9700 -184.3900 6 92 354.2000 -187.3700 7 71 370.1700 -187.4100 8 73 373.7500 -198.7600 9 69 380.0300 -225.4800 10 77 399.5601 -245.2400 13 82 491.1400 -263.9500 11 65 438.5300 -285.5000 12 81 473.0601 -275.5600
-2.7584342527e-03 -4.9677482665e-01 -1.7094311343e+00
20 88 15
20 5 188 105.3000 -262.5100 14 179 261.5601 -362.1000 0 162 71.9399 -225.2100 1 164 69.9399 -232.2400 2 161 66.6500 -237.9000 3 177 75.9301 -245.0500 4 192 88.7000 -254.1600 6 175 121.6300 -265.6500 7 190 137.8500 -267.3400 8 198 141.1000 -277.6200 9 193 147.7600 -305.0200 10 208 164.8700 -325.2800 13 148 250.7200 -348.1600 11 195 197.3800 -365.9300 15 146 273.2900 -376.4300 12 143 227.8500 -358.7800 19 114 276.2200 -124.7100 20 102 291.6000 -82.3800 16 144 279.9399 -305.9400 17 114 277.2300 -217.9400
1.2630984073e-01 -4.5956619914e-01 -1.6886148266e+00
24 117 23
17 5 193 212.4600 -229.3800 14 187 366.6899 -326.1200 0 166 178.3101 -194.2700 1 169 176.2100 -201.3900 2 164 172.8500 -206.9100 3 182 183.0100 -213.9500 4 197 195.7000 -222.6800 6 179 228.5500 -231.0100 7 195 244.4100 -231.6900 8 208 247.5601 -241.8300 9 200 254.1600 -269.5700 10 213 273.2700 -289.3700 13 195 361.9200 -312.3800 11 199 308.8199 -329.1000 15 151 370.8600 -341.6900 12 176 341.0400 -322.7200 18 146 354.9200 -126.9100
-2.0855423059e-01 -1.1002153087e-01 -1.7768605781e+00
152 87 8
15 5 205 -65.3300 55.1100 14 125 70.4800 -45.2000 0 176 -90.0200 92.2100 1 184 -91.9300 84.5400 2 181 -95.1000 78.5700 3 193 -88.0000 73.2500 4 205 -76.7600 65.2500 6 195 -54.8400 49.5500 7 208 -42.8100 46.8500 8 225 -38.5900 39.0000 9 214 -33.2200 12.1700 10 236 -20.0100 -2.3000 13 155 53.5200 -15.0100 11 154 4.2300 -32.1000 15 161 90.9301 -86.5400
3.1286652356e-01 -7.8552116431e-01 -1.7756568287e+00
29 23 9
3 5 228 305.0100 -449.5400 14 299 423.5000 -483.5500 0 189 264.1400 -412.5200
-6.2426773710e-02 -5.2225304027e-01 -1.7227112372e+00
53 113 44
11 5 266 54.2700 -283.5800 14 173 210.1700 -383.9100 0 204 21.0400 -245.5400 1 162 17.4000 -252.9900 2 157 14.1300 -258.7500 3 243 24.3400 -265.6500 4 260 37.2800 -274.6200 6 239 70.9399 -287.6700 7 245 87.2500 -289.7700 9 262 96.9700 -327.9700 10 271 113.9301 -348.5300
1.1698796686e-01 -4.6780584829e-01 -1.6863064156e+00
191 202 144
12 5 191 206.8101 -237.3900 14 184 361.7400 -334.5800 0 205 172.7800 -202.2900 1 216 170.6100 -209.3200 3 181 177.0200 -221.8500 4 196 190.0601 -230.6900 6 177 222.9500 -239.2500 7 252 239.0000 -240.3000 8 204 242.7200 -250.5300 9 197 249.1600 -278.2500 10 140 268.3800 -298.5000 13 191 356.9600 -321.5200
9.9376405800e-02 -4.6136857260e-01 -1.6932624382e+00
208 220 147
14 5 275 189.8000 -230.9500 14 185 344.9600 -328.4400 0 206 156.1801 -195.5200 1 217 153.9301 -202.6100 2 218 150.5300 -208.1800 3 248 160.4200 -215.1300 4 270 173.6300 -223.7600 6 245 205.7300 -232.8900 7 253 221.8300 -233.8000 8 205 225.6600 -244.1300 9 198 232.1400 -271.8400 10 211 250.6300 -291.8400 13 192 338.7600 -314.4100 11 143 286.6700 -331.9400
9.9106926884e-02 -4.6126724021e-01 -1.6927532186e+00
208 220 147
15 5 277 189.8000 -230.9500 14 186 344.9600 -328.4400 0 208 156.1801 -195.5200 1 219 153.9301 -202.6100 2 220 150.5300 -208.1800 3 249 160.4200 -215.1300 4 271 173.6300 -223.7600 6 247 205.7300 -232.8900 7 255 221.8300 -233.8000 8 207 225.6600 -244.1300 9 199 232.1400 -271.8400 10 212 250.6300 -291.8400 13 194 338.7600 -314.4100 11 144 286.6700 -331.9400 18 104 338.6000 -130.7200
1.3344857881e-01 -4.5188037175e-01 -1.6880891999e+00
218 218 165
14 5 280 217.6899 -222.4600 14 235 372.0699 -319.4000 0 210 183.9301 -187.5300 1 221 181.6500 -194.6600 2 222 178.2400 -200.3600 3 252 188.1899 -207.2300 4 274 201.2700 -215.9400 6 249 233.4000 -223.9400 7 258 249.6801 -224.5700 8 292 253.2200 -235.0200 9 274 259.7300 -262.6200 10 284 278.3400 -282.6700 13 260 367.8300 -305.1500 11 245 314.7400 -322.5700
1.2605875820e-01 -4.4579664311e-01 -1.6924628864e+00
16 89 11
11 5 282 210.2600 -216.4900 14 191 362.5900 -312.4400 0 212 177.0500 -181.5900 3 385 181.5900 -200.8000 4 423 193.9301 -209.6200 7 260 242.1500 -218.8300 8 293 244.8900 -229.6500 9 276 251.6100 -256.8100 10 285 269.6400 -276.1800 13 199 358.1300 -298.7000 19 155 353.8800 -83.1500
-1.2246796212e-01 -7.2230233218e-02 -1.7621401823e+00
112 65 40
15 5 337 1.9000 82.2200 14 276 138.5699 -13.1400 0 248 -22.8400 118.0900 1 258 -24.8600 110.2400 2 257 -28.1800 104.2400 3 312 -20.5500 98.9900 4 336 -8.9000 91.1000 6 295 12.1800 77.7600 7 320 24.2300 75.6100 8 342 28.6000 68.4200 9 320 33.6100 42.0500 10 341 48.1700 27.2400 13 319 125.0000 17.1600 11 272 73.7400 -0.1700 15 289 155.2600 -55.1100
6.4329814277e-01 -6.2652892900e-01 -1.5675405203e+00
22 14 0
14 5 389 682.9700 -387.3400 14 454 824.3400 -462.5700 0 281 638.4700 -356.8600 1 294 635.7900 -364.1200 2 288 631.8500 -369.7400 3 352 645.5900 -378.0000 4 385 661.1801 -386.4200 6 337 703.4399 -382.3900 7 375 723.2600 -379.4900 8 389 727.1700 -392.5700 9 370 733.8000 -420.5700 10 398 757.1200 -443.7300 11 236 808.1600 -489.2900 12 242 845.8101 -483.4100
3.8644174425e-01 -5.1371468194e-01 -1.5560146581e+00
89 87 66
11 5 256 510.4100 -307.3000 14 221 679.4000 -423.8800 0 295 468.8500 -274.5100 1 209 466.1600 -281.5500 2 208 462.4399 -286.8900 3 232 474.6899 -295.3000 4 252 489.9600 -304.2200 6 234 529.6700 -304.6800 7 241 548.7600 -303.1800 8 187 553.0200 -317.0400 9 179 560.7100 -347.7300
3.8472982289e-01 -5.1296887979e-01 -1.5550524234e+00
89 87 66
10 5 257 510.4100 -307.3000 14 222 679.4000 -423.8800 0 296 468.8500 -274.5100 2 209 462.4399 -286.8900 3 233 474.6899 -295.3000 4 253 489.9600 -304.2200 6 235 529.6700 -304.6800 7 242 548.7600 -303.1800 8 188 553.0200 -317.0400 9 180 560.7100 -347.7300
4.3442950398e-03 -5.0006825222e-01 -1.7058455458e+00
213 230 159
11 5 270 112.6100 -265.8000 14 177 270.1100 -366.0300 0 308 78.4900 -229.3800 1 315 76.5900 -236.0100 2 217 73.3400 -241.5800 4 267 95.7500 -257.6100 6 241 128.8000 -269.1200 7 250 145.0601 -270.8100 8 286 148.4301 -280.9900 9 269 155.0601 -308.8600 10 275 172.7500 -329.2300
1.4507226823e-01 -4.4197844170e-01 -1.6835541953e+00
207 224 153
19 5 412 227.8000 -214.2400 14 239 381.7100 -310.1900 0 315 194.2100 -179.9400 1 319 192.0800 -186.9400 2 326 188.4100 -192.7100 3 254 198.4600 -199.2900 6 361 243.5200 -216.0000 7 398 259.7100 -216.0300 8 295 263.2800 -226.5700 9 279 269.8300 -254.1500 10 288 288.5200 -274.0900 13 261 378.3300 -295.9400 12 222 357.6200 -305.9500 19 261 367.8700 -78.9900 23 222 411.5900 132.2900 20 164 379.7800 -32.4600 21 190 406.1100 32.1400 27 444 360.0500 140.7600 25 217 360.2600 89.0700
1.9677818123e-01 -4.2287265307e-01 -1.6811512661e+00
214 228 156
17 5 286 266.4399 -196.9100 14 246 419.4399 -291.1300 0 317 232.6899 -163.0000 1 226 230.5601 -170.3300 2 226 227.0100 -175.8500 3 256 237.0601 -182.5200 4 276 250.2600 -191.1100 6 254 281.9900 -197.6000 7 264 298.1801 -197.6400 8 297 301.8700 -207.8900 9 280 308.2100 -235.5100 10 219 327.6200 -255.0900 13 267 418.4600 -276.5100 12 224 398.3500 -286.5300 19 203 396.3600 -62.6200 22 216 435.9399 110.0300 21 192 432.5699 50.3900
-1.0707230870e-01 -4.2123788901e-01 -1.8563111325e+00
98 11 6
7 5 431 -3.6900 -174.6800 14 334 127.5500 -246.2900 0 325 -32.3200 -138.0000 1 328 -34.1600 -145.0800 2 333 -37.3600 -151.0300 3 394 -29.2100 -157.2800 10 416 45.6800 -229.9700
-1.0700922666e-01 -4.2120036694e-01 -1.8552198380e+00
98 11 6
9 5 432 -3.6900 -174.6800 14 335 127.5500 -246.2900 0 326 -32.3200 -138.0000 1 329 -34.1600 -145.0800 2 334 -37.3600 -151.0300 3 395 -29.2100 -157.2800 6 374 9.5600 -179.7100 10 417 45.6800 -229.9700 13 373 114.6000 -234.1000
-2.9555969743e-01 -4.0317355416e-01 -1.8936030906e+00
107 52 12
12 5 439 -137.9800 -159.9700 14 338 -9.3100 -238.7300 0 333 -164.7700 -121.1100 1 333 -166.5700 -128.1400 2 340 -169.7800 -134.2700 3 401 -162.3000 -140.4200 4 441 -151.4600 -148.6900 6 381 -124.4300 -167.0600 7 416 -110.3900 -170.4700 8 428 -108.2400 -177.8600 9 414 -103.1300 -202.6500 10 420 -91.2300 -217.8600
-7.0492492208e-02 -3.6146463661e-01 -1.8448721117e+00
78 1 3
12 5 453 22.8700 -132.5300 14 578 152.8900 -205.8100 0 340 -5.1200 -96.2200 1 340 -6.6800 -103.5900 2 346 -10.2100 -109.4500 3 413 -2.0100 -115.5300 4 450 9.4300 -123.7100 6 392 35.9000 -136.5100 7 425 49.7400 -138.6100 9 426 57.9600 -171.2000 10 426 72.0200 -186.5000 13 681 141.9700 -191.0100
-2.4411247528e-01 -3.3926981132e-01 -1.8596584356e+00
151 87 20
5 5 469 -99.6700 -117.3300 14 353 31.8200 -201.5700 0 345 -126.3400 -79.0800 3 430 -123.7300 -98.5200 4 470 -112.5200 -106.5600
-2.5201074019e-01 -2.9971171568e-01 -1.8465912300e+00
112 58 14
13 5 491 -104.5100 -89.0400 14 364 27.3500 -176.6800 0 356 -130.7700 -50.5900 1 364 -132.7200 -57.9800 2 229 -136.1300 -63.8900 3 268 -128.6400 -69.9000 4 289 -117.4000 -78.2100 6 263 -92.3000 -95.2400 7 277 -78.6700 -98.2100 9 445 -69.6400 -131.2000 10 440 -57.2300 -147.1300 13 278 9.3400 -156.7100 11 331 -35.8000 -178.2600
-2.1436380313e-02 -2.6329770867e-01 -1.8325171321e+00
75 5 1
12 5 512 58.1700 -63.9300 14 633 187.6100 -136.8700 0 363 31.4500 -28.8900 1 376 29.2200 -36.2600 2 380 25.9100 -42.2800 3 465 34.2100 -47.8800 4 498 45.6500 -55.7700 6 454 70.0500 -67.4400 7 500 83.6000 -68.9600 8 467 86.7400 -76.4700 9 455 91.7500 -101.3300 10 455 106.4399 -115.9800
-3.3132053169e-01 -2.1430328633e-01 -1.8573928327e+00
102 59 8
11 5 533 -161.1200 -26.1200 14 376 -33.3500 -117.7100 0 378 -185.8600 12.6600 1 397 -187.5200 5.0400 4 528 -172.6400 -14.9400 6 474 -149.7400 -33.4900 7 526 -136.5000 -37.4400 8 486 -133.6500 -44.2000 10 482 -116.7500 -84.5600 13 436 -54.0300 -93.6200 11 348 -96.9300 -114.2100
-3.3126647249e-01 -2.1447899387e-01 -1.8583052487e+00
102 59 8
13 5 534 -161.1200 -26.1200 14 377 -33.3500 -117.7100 0 379 -185.8600 12.6600 1 398 -187.5200 5.0400 2 396 -189.7200 -1.9300 4 529 -172.6400 -14.9400 6 475 -149.7400 -33.4900 7 527 -136.5000 -37.4400 8 487 -133.6500 -44.2000 9 469 -128.8700 -69.6700 10 483 -116.7500 -84.5600 13 437 -54.0300 -93.6200 11 349 -96.9300 -114.2100
-3.5255881150e-01 -2.1527108124e-01 -1.8734955890e+00
160 113 32
14 5 1030 -173.5900 -28.3200 14 646 -48.0900 -117.9500 0 380 -201.5600 12.5900 1 395 -202.5500 4.6300 2 699 -203.4300 -2.4500 3 483 -198.3800 -7.4000 6 472 -165.0600 -34.4800 7 524 -152.3000 -38.2600 8 488 -149.4800 -44.9100 9 468 -142.5200 -71.3900 10 480 -132.8600 -85.0900 13 438 -71.8500 -92.9400 11 350 -113.8600 -114.4400 15 369 -24.2000 -151.4500
-3.6778881209e-01 -2.1026967602e-01 -1.8894139853e+00
158 112 31
13 5 535 -185.0400 -24.2500 14 378 -60.3900 -113.4000 0 382 -208.8500 14.7900 1 399 -210.4100 7.2700 2 703 -216.3400 2.2700 3 948 -206.5200 -4.5800 4 1031 -199.0900 -11.4700 6 476 -173.0200 -32.0500 7 528 -160.2900 -35.9900 8 490 -157.6000 -42.6900 9 470 -152.7100 -68.1700 10 855 -144.3700 -81.2200 15 378 -39.1300 -145.3600
-3.6501513241e-01 -2.1125246789e-01 -1.8769498481e+00
158 112 31
9 5 536 -185.0400 -24.2500 14 379 -60.3900 -113.4000 0 383 -208.8500 14.7900 1 400 -210.4100 7.2700 3 949 -206.5200 -4.5800 6 477 -173.0200 -32.0500 7 529 -160.2900 -35.9900 8 491 -157.6000 -42.6900 9 471 -152.7100 -68.1700
-1.4128515228e-01 -1.8098753422e-01 -1.7950200016e+00
93 34 0
12 5 554 -18.0400 -2.0800 14 384 117.2500 -93.5600 0 391 -43.8800 34.4400 1 410 -45.4800 26.8000 2 404 -48.8700 20.7000 3 500 -41.3800 15.3000 4 548 -29.9100 7.1300 6 490 -6.6100 -6.9900 8 515 9.8400 -16.8000 9 486 15.0800 -42.7900 10 503 29.0600 -57.9000 11 362 53.9800 -87.2900
-1.4116621102e-01 -1.8093480480e-01 -1.7953453474e+00
93 34 0
14 5 555 -18.0400 -2.0800 14 385 117.2500 -93.5600 0 392 -43.8800 34.4400 1 411 -45.4800 26.8000 2 405 -48.8700 20.7000 3 501 -41.3800 15.3000 4 549 -29.9100 7.1300 6 491 -6.6100 -6.9900 7 545 6.0700 -9.3200 8 516 9.8400 -16.8000 9 487 15.0800 -42.7900 10 504 29.0600 -57.9000 13 448 102.7700 -68.5700 11 363 53.9800 -87.2900
-3.5689865488e-01 -1.7607082631e-01 -1.8559329619e+00
103 62 10
13 5 558 -178.8700 1.5000 14 668 -52.7400 -91.0600 0 397 -203.6600 41.1100 1 422 -205.2100 33.4200 2 411 -208.5100 27.0900 3 511 -201.7300 21.3300 4 554 -189.9500 13.0600 6 493 -168.3600 -5.7100 7 546 -155.9700 -9.6900 8 517 -152.2800 -16.3300 9 901 -147.1900 -42.1900 13 451 -74.6300 -65.2000 11 550 -116.9000 -85.6300
-1.4258936238e-01 -1.6666286493e-01 -1.7911893707e+00
98 37 4
13 5 565 -18.3100 8.6900 14 391 117.1801 -83.4600 0 402 -44.0700 45.3300 1 426 -45.9300 37.7400 2 415 -49.2500 31.6000 3 518 -41.5200 26.0100 4 562 -30.0400 17.9400 6 501 -7.0300 3.8400 7 558 5.4500 1.5900 8 523 9.3300 -5.8200 9 494 14.5000 -31.7900 10 515 28.8700 -47.1300 11 369 53.5000 -76.0200
-1.5757668674e-01 -1.4404366717e-01 -1.7853726383e+00
100 45 21
11 5 583 -28.1700 26.6600 14 268 107.6400 -67.9400 0 413 -53.7500 63.2200 1 444 -55.5300 55.6200 2 433 -59.2000 49.3500 3 539 -51.1300 44.1800 7 301 -4.8000 19.1200 10 313 18.7700 -29.4500 13 293 92.4600 -40.9100 11 260 43.5700 -58.3000 12 232 69.2900 -49.7300
-3.7420756388e-01 -1.2635981348e-01 -1.8525479317e+00
106 60 8
14 5 593 -191.2000 38.6300 14 401 -68.0000 -54.7600 0 430 -214.3900 77.4200 1 465 -216.3100 69.9900 2 453 -219.2700 63.5100 3 563 -212.5300 58.2000 4 598 -201.6600 50.0600 6 525 -180.3800 30.2900 7 589 -168.0500 26.0400 8 547 -164.9000 19.7900 9 521 -160.7400 -5.5900 10 533 -149.3200 -19.7500 13 494 -87.4500 -28.6300 11 375 -131.6100 -47.3800
-3.7420756388e-01 -1.2635981348e-01 -1.8525479317e+00
106 60 8
14 5 594 -191.2000 38.6300 14 402 -68.0000 -54.7600 0 431 -214.3900 77.4200 1 466 -216.3100 69.9900 2 454 -219.2700 63.5100 3 564 -212.5300 58.2000 4 599 -201.6600 50.0600 6 526 -180.3800 30.2900 7 590 -168.0500 26.0400 8 548 -164.9000 19.7900 9 522 -160.7400 -5.5900 10 534 -149.3200 -19.7500 13 495 -87.4500 -28.6300 11 376 -131.6100 -47.3800
-1.2547720288e-01 -3.3812317437e-01 -1.8353673916e+00
87 3 3
14 5 924 -13.6000 -116.8900 14 588 118.6801 -196.5200 0 630 -40.8300 -80.2200 1 677 -42.6000 -87.2400 2 646 -46.0200 -93.2300 3 866 -38.2400 -99.1900 4 918 -26.8600 -107.5200 6 787 -0.5300 -121.6700 7 873 13.3600 -123.8700 8 805 16.1100 -132.1100 9 804 21.4000 -157.0700 10 432 35.1700 -172.7100 13 699 105.5601 -180.6600 11 321 59.6700 -203.0800
-9.1391419389e-02 -3.3792583878e-01 -1.8442971007e+00
80 0 1
15 5 929 8.4500 -116.0000 14 603 140.3400 -192.4300 0 632 -19.0600 -79.3600 1 680 -20.9900 -86.4500 2 647 -24.3500 -92.4500 3 865 -16.2400 -98.8900 4 926 -4.8000 -107.0000 6 790 21.1800 -120.6000 7 874 35.0400 -122.5400 8 807 38.1200 -130.2600 9 807 43.4000 -154.8400 10 783 57.5500 -170.5700 13 705 128.1200 -176.3100 11 509 82.7400 -200.6300 15 339 154.5300 -215.3100
-6.0629789652e-03 -3.3706289741e-01 -1.8553820474e+00
132 38 22
11 5 1560 63.1500 -114.4600 14 1569 190.6000 -180.9200 0 634 36.0500 -78.8900 1 1128 33.9500 -86.4000 2 1083 30.7200 -92.3300 3 867 38.5800 -98.3200 4 1514 50.0300 -106.4200 6 1323 76.1400 -117.9100 7 1438 89.6801 -119.3400 9 1363 98.1700 -151.1200 13 1114 181.8800 -166.9200
-1.1963606888e-01 -2.9964062714e-01 -1.8323381152e+00
78 3 4
14 5 964 -8.3800 -90.6000 14 614 124.5800 -171.6600 0 657 -35.9400 -52.2800 1 705 -37.7700 -59.7100 2 668 -41.1800 -65.6500 3 445 -32.8000 -73.0700 4 964 -21.5700 -80.5200 6 1362 3.4400 -93.2900 7 911 17.1800 -95.8200 8 830 20.4900 -103.8100 9 1391 25.4500 -128.8800 10 820 39.7800 -144.9700 13 730 110.7000 -153.1000 15 632 140.1300 -198.2800
-5.6683788023e-02 -2.7230963359e-01 -1.8265292195e+00
74 0 2
12 5 991 35.6100 -70.0800 14 625 166.8900 -147.4100 0 667 8.8700 -34.5200 1 717 6.9600 -41.9300 2 1149 4.0900 -47.7400 3 920 11.5200 -53.3400 4 989 23.0800 -61.9000 6 1389 47.9500 -73.5800 7 929 61.2600 -75.8400 8 847 64.7200 -83.5300 9 845 69.8500 -108.4600 10 832 84.2400 -123.6700
-3.6480462564e-01 -2.3414847919e-01 -1.8825756253e+00
108 60 0
13 5 521 -184.3500 -40.7300 14 373 -60.0700 -128.1800 0 677 -209.5500 -1.2600 1 384 -210.8800 -8.9000 2 387 -213.9600 -15.0300 4 510 -196.0000 -29.1800 6 459 -172.9400 -48.3200 7 952 -160.3300 -52.1100 8 478 -157.2300 -59.0600 9 461 -152.4700 -84.2300 10 463 -140.9100 -99.0000 13 423 -79.9000 -105.8500 11 339 -122.3100 -128.4400
-2.8657638968e-01 -2.2316270418e-01 -1.8367044544e+00
94 48 2
9 5 1024 -128.4300 -32.8500 14 638 2.2200 -126.1600 0 683 -153.9900 5.8100 1 737 -155.5700 -1.5600 3 940 -151.6600 -13.5400 4 1019 -140.3600 -22.0300 7 962 -103.9600 -42.7700 10 849 -82.8700 -91.4300 13 778 -16.5600 -101.9400
-3.8430851952e-01 -2.1669760265e-01 -1.8990300544e+00
157 109 38
9 5 1671 -196.8200 -28.5600 14 1085 -75.4500 -114.6600 0 690 -220.5800 10.1800 1 1230 -222.3300 2.6200 2 698 -224.8600 -3.6100 3 1513 -218.7800 -8.8800 4 1024 -207.0700 -17.6300 6 1434 -185.0700 -37.1700 7 963 -172.2600 -41.2600
-3.5127847740e-01 -1.7198876894e-01 -1.8536635390e+00
155 104 29
9 5 1052 -174.7400 4.6000 14 673 -49.2800 -87.8700 0 712 -199.3800 43.9200 1 760 -200.8100 36.2900 4 1057 -186.1900 16.3100 7 991 -151.5100 -6.5800 8 897 -148.4300 -13.3800 9 904 -143.8800 -38.8200 10 869 -131.8500 -53.4100
-3.7862654545e-01 -1.6822172021e-01 -1.8748088063e+00
94 58 1
14 5 1055 -193.0300 6.2800 14 683 -71.9500 -82.7400 0 715 -217.2600 45.6900 1 1266 -218.6700 38.1500 2 716 -222.0100 31.8900 3 971 -215.1100 26.2500 4 1060 -204.4700 18.1500 6 893 -182.3400 -1.4100 7 994 -170.0800 -5.4000 8 898 -167.1000 -11.8500 9 1467 -162.1800 -37.4700 10 871 -151.1700 -51.5200 13 1223 -90.5900 -59.2400 11 553 -134.5000 -78.8200
-3.6238495043e-01 -1.6858230176e-01 -1.8594347247e+00
154 104 31
11 5 1054 -182.5500 6.7300 14 680 -57.8700 -85.0100 0 716 -206.8200 46.0700 1 762 -208.7900 38.6600 2 717 -211.7800 32.5100 3 972 -204.8300 26.6400 8 899 -156.1300 -11.4500 9 907 -151.4800 -36.7600 10 872 -140.2900 -50.9900 13 460 -77.7500 -59.6100 11 551 -122.1000 -79.5900
-1.5598082208e-01 -9.5970695364e-02 -1.7709263421e+00
157 110 47
14 5 1097 -24.6300 64.3800 14 1170 111.6400 -31.7300 0 752 -49.4900 100.6600 1 1324 -51.4500 92.2600 2 1276 -54.8100 86.8600 3 1014 -47.3600 81.7900 4 1742 -35.8800 73.6600 6 945 -14.3300 59.7400 7 1039 -2.0500 57.2000 8 953 1.9500 49.6200 9 962 7.1100 23.9900 10 934 21.5000 8.8900 13 876 96.7600 -2.7400 15 782 129.8000 -73.8800
-1.5616178541e-01 -9.6731864143e-02 -1.7698519515e+00
157 110 47
15 5 1096 -24.6300 64.3800 14 1169 111.6400 -31.7300 0 753 -49.4900 100.6600 1 1325 -51.4500 92.2600 2 1277 -54.8100 86.8600 3 1013 -47.3600 81.7900 4 1741 -35.8800 73.6600 6 944 -14.3300 59.7400 7 1038 -2.0500 57.2000 8 952 1.9500 49.6200 9 961 7.1100 23.9900 10 933 21.5000 8.8900 13 877 96.7600 -2.7400 15 781 129.8000 -73.8800 19 1005 153.1200 123.5700
-3.8095034902e-01 -5.3852805784e-02 -1.8269680208e+00
175 101 63
