# Bundle file v0.3
200 9141
5.3200000000e+02 0.0000000000e+00 0.0000000000e+00
9.5115403558e-01 5.5860942769e-02 3.0362074314e-01
-9.9364132190e-02 9.8655286318e-01 1.2976986318e-01
-2.9228884657e-01 -1.5360014072e-01 9.4391431123e-01
6.4890433920e-01 4.4544106077e-01 9.2835026343e-01
5.3200000000e+02 0.0000000000e+00 0.0000000000e+00
9.5117115397e-01 5.5224182866e-02 3.0368359436e-01
-1.0107311951e-01 9.8534685201e-01 1.3738924904e-01
-2.9164646469e-01 -1.6137493878e-01 9.4281518272e-01
6.4601213913e-01 4.4940407926e-01 9.2207360881e-01
5.3200000000e+02 0.0000000000e+00 0.0000000000e+00
9.5134653900e-01 5.3734058241e-02 3.0340140691e-01
-1.0166677059e-01 9.8427297482e-01 1.4446653172e-01
-2.9086703231e-01 -1.6828357619e-01 9.4184765620e-01
6.4041384101e-01 4.5445395061e-01 9.1675471036e-01
5.3200000000e+02 0.0000000000e+00 0.0000000000e+00
9.5171069872e-01 5.2031023582e-02 3.0255498430e-01
-9.9399825880e-02 9.8466997937e-01 1.4333424691e-01
-2.9045898256e-01 -1.6648664904e-01 9.4229282876e-01
6.4920154000e-01 4.4494270095e-01 9.2139545621e-01
5.3200000000e+02 0.0000000000e+00 0.0000000000e+00
9.5210872744e-01 5.0336831847e-02 3.0158775588e-01
-9.7942292669e-02 9.8459153712e-01 1.4486825855e-01
-2.8964854297e-01 -1.6746852954e-01 9.4236830017e-01
6.6209652940e-01 4.3736148901e-01 9.2222515212e-01
5.3200000000e+02 0.0000000000e+00 0.0000000000e+00
9.5382339128e-01 3.5686717540e-02 2.9824050100e-01
-8.4103619059e-02 9.8493063760e-01 1.5112319600e-01
-2.8835311600e-01 -1.6922794480e-01 9.4245126303e-01
6.6896729994e-01 4.3883721267e-01 9.2274215225e-01
5.3200000000e+02 0.0000000000e+00 0.0000000000e+00
9.5530339661e-01 2.0171133492e-02 2.9493820676e-01
-6.9243968451e-02 9.8518357657e-01 1.5690313346e-01
-2.8740336335e-01 -1.7031278822e-01 9.4254594631e-01
6.7492745817e-01 4.4541157669e-01 9.2328249742e-01
5.3200000000e+02 0.0000000000e+00 0.0000000000e+00
9.5640666239e-01 1.0893339446e-02 2.9183493843e-01
-6.0191939604e-02 9.8520084709e-01 1.6048744904e-01
-2.8576778429e-01 -1.7105737648e-01 9.4290834518e-01
6.8428892115e-01 4.5021444763e-01 9.2417608174e-01
5.3200000000e+02 0.0000000000e+00 0.0000000000e+00
9.5591581217e-01 1.5780288861e-02 2.9321654544e-01
-6.4837169637e-02 9.8525169433e-01 1.5835163485e-01
-2.8639326366e-01 -1.7038216253e-01 9.4284082284e-01
6.9243010163e-01 4.3592460171e-01 9.2682576135e-01
5.3200000000e+02 0.0000000000e+00 0.0000000000e+00
9.5581235332e-01 1.3320847280e-02 2.9367550166e-01
-6.1784693016e-02 9.8576349026e-01 1.5637452788e-01
-2.8741154631e-01 -1.6760935621e-01 9.4302794590e-01
6.9948330079e-01 3.9957194191e-01 9.2861501117e-01
5.3200000000e+02 0.0000000000e+00 0.0000000000e+00
9.5528870714e-01 1.3740598819e-02 2.9535517932e-01
-6.0262116047e-02 9.8700034212e-01 1.4899262405e-01
-2.8946841516e-01 -1.6012969929e-01 9.4369831834e-01
7.2050936999e-01 3.6813385706e-01 9.4004378972e-01
5.3200000000e+02 0.0000000000e+00 0.0000000000e+00
9.5636245091e-01 1.1602805868e-02 2.9195245740e-01
-5.0807985394e-02 9.9059214933e-01 1.2706589752e-01
-2.8773149134e-01 -1.3635456937e-01 9.4795465097e-01
7.4344830942e-01 2.9682473806e-01 9.7549521124e-01
5.3200000000e+02 0.0000000000e+00 0.0000000000e+00
9.6084286922e-01 9.6377733453e-03 2.7692615260e-01
-3.5195497239e-02 9.9554528778e-01 8.7469177196e-02
-2.7484951818e-01 -9.3790688824e-02 9.5690179697e-01
7.4886144782e-01 2.4204448136e-01 1.0122719300e+00
5.3200000000e+02 0.0000000000e+00 0.0000000000e+00
9.6257569172e-01 7.3626508028e-03 2.7091295482e-01
-1.8234664364e-02 9.9912513779e-01 3.7635834626e-02
-2.7039884381e-01 -4.1167346351e-02 9.6186782609e-01
7.6308792314e-01 1.6753191500e-01 1.0389837914e+00
5.3200000000e+02 0.0000000000e+00 0.0000000000e+00
9.5888928861e-01 2.9717478041e-03 2.8376486903e-01
-9.6079487347e-03 9.9971186103e-01 2.1997323421e-02
-2.8361773482e-01 -2.3819396121e-02 9.5864154764e-01
8.0805984979e-01 1.0767427908e-01 1.0137766665e+00
5.3200000000e+02 0.0000000000e+00 0.0000000000e+00
9.5712268495e-01 -2.2883336216e-02 2.8877762875e-01
1.7270064724e-02 9.9960942654e-01 2.1971327560e-02
-2.8916761715e-01 -1.6042047687e-02 9.5714405493e-01
8.4468439888e-01 5.5765289496e-02 9.6680564450e-01
5.3200000000e+02 0.0000000000e+00 0.0000000000e+00
9.5576622031e-01 -3.2343098113e-02 2.9234372941e-01
3.0899647279e-02 9.9947682024e-01 9.5549775460e-03
-2.9249981867e-01 -9.9006651140e-05 9.5626557309e-01
8.7860133814e-01 9.6443534686e-02 9.2645373621e-01
5.3200000000e+02 0.0000000000e+00 0.0000000000e+00
9.5219240818e-01 -4.1591611659e-02 3.0265451532e-01
5.1474231072e-02 9.9836767395e-01 -2.4746537973e-02
-3.0113123607e-01 3.9142374043e-02 9.5277901594e-01
9.0831812891e-01 1.4048047682e-01 9.0053908230e-01
5.3200000000e+02 0.0000000000e+00 0.0000000000e+00
9.4558355556e-01 -2.8184066572e-02 3.2415644040e-01
3.0442650398e-02 9.9953471384e-01 -1.8975920616e-03
-3.2395213303e-01 1.1662513038e-02 9.4600158631e-01
9.5336895591e-01 2.5892091074e-01 8.5911130224e-01
5.3200000000e+02 0.0000000000e+00 0.0000000000e+00
9.4288643334e-01 -5.6814964145e-02 3.2823350480e-01
6.8843375402e-02 9.9731085970e-01 -2.5132425046e-02
-3.2592294103e-01 4.6293725003e-02 9.4426221334e-01
9.6161237436e-01 2.6317195910e-01 8.5098125671e-01
5.3200000000e+02 0.0000000000e+00 0.0000000000e+00
9.4092243096e-01 -1.1832613844e-01 3.1727575369e-01
1.4058802928e-01 9.8889769954e-01 -4.8128430872e-02
-3.0805841157e-01 8.9890293124e-02 9.4711126604e-01
9.4488859593e-01 2.8081286989e-01 8.5813157059e-01
5.3200000000e+02 0.0000000000e+00 0.0000000000e+00
9.5164826657e-01 -1.4295975090e-01 2.7189719813e-01
1.8755507410e-01 9.7138698643e-01 -1.4570661198e-01
-2.4328721895e-01 1.8965714386e-01 9.5123156848e-01
9.0519636493e-01 2.0341211453e-01 8.8236085115e-01
5.3200000000e+02 0.0000000000e+00 0.0000000000e+00
9.5296771620e-01 -1.7187522175e-01 2.4962259520e-01
2.3105635393e-01 9.4502142823e-01 -2.3140324433e-01
-1.9612621751e-01 2.7819670798e-01 9.4028777429e-01
8.5924720883e-01 1.3600963586e-01 8.9734284864e-01
5.3200000000e+02 0.0000000000e+00 0.0000000000e+00
9.4407392251e-01 -2.1346384664e-01 2.5131178846e-01
2.7842451525e-01 9.2438466469e-01 -2.6075425402e-01
-1.7664715722e-01 3.1614265428e-01 9.3212102433e-01
8.6016671707e-01 1.4302440425e-01 8.8077273892e-01
0 0 0
0 0 0
0 0 0
0 0 0
0 0 0
5.3200000000e+02 0.0000000000e+00 0.0000000000e+00
8.5975429021e-01 -3.0022146377e-01 4.1314601916e-01
3.6779389758e-01 9.2524220676e-01 -9.3029606779e-02
-3.5433064976e-01 2.3193518820e-01 9.0590057904e-01
1.0189538638e+00 3.4248597184e-01 8.3420439379e-01
0 0 0
0 0 0
0 0 0
0 0 0
0 0 0
5.3200000000e+02 0.0000000000e+00 0.0000000000e+00
8.2376219219e-01 -3.4655272720e-01 4.4868369481e-01
4.0865264359e-01 9.1151831621e-01 -4.6231765034e-02
-3.9296166175e-01 2.2143975813e-01 8.9249401450e-01
1.0661993650e+00 4.9297014508e-01 8.0889079011e-01
5.3200000000e+02 0.0000000000e+00 0.0000000000e+00
8.0237045018e-01 -3.7576365874e-01 4.6368451931e-01
4.2167152144e-01 9.0673411818e-01 5.1348733276e-03
-4.2236807253e-01 1.9140248611e-01 8.8598549628e-01
1.1130878721e+00 5.8731991619e-01 7.6444264072e-01
5.3200000000e+02 0.0000000000e+00 0.0000000000e+00
7.8725920758e-01 -3.9556784788e-01 4.7302116000e-01
4.3229236824e-01 9.0108963359e-01 3.4070230269e-02
-4.3971155141e-01 1.7766133500e-01 8.8039207266e-01
1.1472893813e+00 6.8131989201e-01 7.2776906348e-01
5.3200000000e+02 0.0000000000e+00 0.0000000000e+00
7.6346748843e-01 -4.1809155031e-01 4.9225689398e-01
4.4918479446e-01 8.9139302501e-01 6.0427604490e-02
-4.6405863265e-01 1.7497980031e-01 8.6834996110e-01
1.1883279816e+00 7.4846775887e-01 6.8566850293e-01
5.3200000000e+02 0.0000000000e+00 0.0000000000e+00
7.4667543442e-01 -4.2539012989e-01 5.1138931650e-01
4.4359416697e-01 8.9131257249e-01 9.3734268820e-02
-4.9568136002e-01 1.5686024196e-01 8.5422178257e-01
1.2106871399e+00 8.0475446870e-01 6.4085483765e-01
5.3200000000e+02 0.0000000000e+00 0.0000000000e+00
7.1020729391e-01 -4.4278972022e-01 5.4730509165e-01
4.5292748588e-01 8.8255837060e-01 1.2628307497e-01
-5.3894553734e-01 1.5820235823e-01 8.2735102685e-01
1.2217763259e+00 8.3569431054e-01 5.8431663855e-01
5.3200000000e+02 0.0000000000e+00 0.0000000000e+00
6.6922785350e-01 -4.6765989650e-01 5.7743250800e-01
4.7520030729e-01 8.6677913378e-01 1.5125673936e-01
-5.7124316018e-01 1.7317088223e-01 8.0230486568e-01
1.2137184748e+00 8.8198695641e-01 5.3303856771e-01
5.3200000000e+02 0.0000000000e+00 0.0000000000e+00
6.4231276163e-01 -4.8201179875e-01 5.9590178899e-01
4.9892144228e-01 8.5315646541e-01 1.5232018893e-01
-5.8181759228e-01 1.9947097882e-01 7.8847930723e-01
1.2127627191e+00 9.0817042140e-01 5.0802430066e-01
5.3200000000e+02 0.0000000000e+00 0.0000000000e+00
6.1795913200e-01 -4.9977698592e-01 6.0691801384e-01
5.2157472572e-01 8.3822398241e-01 1.5918655976e-01
-5.8829101359e-01 2.1818230831e-01 7.7865920894e-01
1.2234141776e+00 9.5005869519e-01 4.7187515684e-01
5.3200000000e+02 0.0000000000e+00 0.0000000000e+00
6.0901455890e-01 -5.0471171387e-01 6.1185566348e-01
5.2619919984e-01 8.3430773178e-01 1.6445367367e-01
-5.9347760626e-01 2.2180327901e-01 7.7368445524e-01
1.2978163244e+00 9.9057949218e-01 4.3347644046e-01
0 0 0
0 0 0
0 0 0
0 0 0
0 0 0
5.3200000000e+02 0.0000000000e+00 0.0000000000e+00
5.7043326934e-01 -5.3717897567e-01 6.2132490158e-01
4.4781831289e-01 8.3755484832e-01 3.1298663663e-01
-6.8852352456e-01 9.9702678785e-02 7.1832773298e-01
1.4222117479e+00 1.1470289930e+00 2.5771727509e-01
5.3200000000e+02 0.0000000000e+00 0.0000000000e+00
5.5190307068e-01 -5.5640124951e-01 6.2114462899e-01
4.1715170826e-01 8.2917341818e-01 3.7209662036e-01
-7.2207163971e-01 5.3750275691e-02 6.8972708733e-01
1.4614103436e+00 1.2057325532e+00 1.6268018644e-01
5.3200000000e+02 0.0000000000e+00 0.0000000000e+00
5.3065326730e-01 -5.7052432231e-01 6.2682462265e-01
4.1112484029e-01 8.1997135692e-01 3.9827545685e-01
-7.4120407150e-01 4.6357000409e-02 6.6967720053e-01
1.5120517891e+00 1.2627200703e+00 9.6534197016e-02
5.3200000000e+02 0.0000000000e+00 0.0000000000e+00
5.2018225002e-01 -5.7821749372e-01 6.2854988403e-01
4.1112859083e-01 8.1460778516e-01 4.0913009931e-01
-7.4858780952e-01 4.5592612484e-02 6.6146625396e-01
1.5816704460e+00 1.3081553065e+00 6.6903692252e-02
5.3200000000e+02 0.0000000000e+00 0.0000000000e+00
5.0447264743e-01 -5.9121798989e-01 6.2926038841e-01
4.2421425786e-01 8.0448060101e-01 4.1575620985e-01
-7.5203032613e-01 5.7203592805e-02 6.5664155941e-01
1.6350158564e+00 1.3714504576e+00 5.5723555595e-02
5.3200000000e+02 0.0000000000e+00 0.0000000000e+00
4.8913135090e-01 -5.9415792950e-01 6.3853494531e-01
4.4465145108e-01 7.9967651737e-01 4.0348798571e-01
-7.5035698745e-01 8.6566866479e-02 6.5534004075e-01
1.6885282348e+00 1.4149392506e+00 4.8535844047e-02
5.3200000000e+02 0.0000000000e+00 0.0000000000e+00
4.5568927688e-01 -6.0180330776e-01 6.5588113383e-01
4.6808736112e-01 7.8873431468e-01 3.9848764498e-01
-7.5712713945e-01 1.2542312235e-01 6.4111429175e-01
1.7171551097e+00 1.4475143438e+00 1.3195583758e-02
5.3200000000e+02 0.0000000000e+00 0.0000000000e+00
4.0951633140e-01 -6.1304796488e-01 6.7562457554e-01
5.0347492344e-01 7.6945056907e-01 3.9301249755e-01
-7.6079522592e-01 1.7921499526e-01 6.2375685142e-01
1.7099709467e+00 1.4923353223e+00 -3.1566072759e-02
5.3200000000e+02 0.0000000000e+00 0.0000000000e+00
3.6161817861e-01 -6.2721838300e-01 6.8980388004e-01
5.2113897744e-01 7.4947997468e-01 4.0828168431e-01
-7.7307597239e-01 2.1184160964e-01 5.9789353010e-01
1.6932223284e+00 1.5312906044e+00 -9.7093435170e-02
5.3200000000e+02 0.0000000000e+00 0.0000000000e+00
3.4956216289e-01 -6.2308759039e-01 6.9969146699e-01
5.1827416380e-01 7.5073670877e-01 4.0961724237e-01
-7.8051148961e-01 2.1944532078e-01 5.8535934756e-01
1.7610430352e+00 1.5125759086e+00 -1.2902981182e-01
5.3200000000e+02 0.0000000000e+00 0.0000000000e+00
3.1212498435e-01 -6.3809547271e-01 7.0385521370e-01
5.3230168882e-01 7.3111614645e-01 4.2675999400e-01
-7.8691353160e-01 2.4146086249e-01 5.6785891352e-01
1.7395600587e+00 1.5381142156e+00 -1.6173187187e-01
5.3200000000e+02 0.0000000000e+00 0.0000000000e+00
2.8315139081e-01 -6.5230503041e-01 7.0308138731e-01
5.4418307022e-01 7.1292131321e-01 4.4227591757e-01
-7.8974051179e-01 2.5737394678e-01 5.5683801554e-01
1.7299854606e+00 1.5759577450e+00 -1.7824541694e-01
0 0 0
0 0 0
0 0 0
0 0 0
0 0 0
0 0 0
0 0 0
0 0 0
0 0 0
0 0 0
0 0 0
0 0 0
0 0 0
0 0 0
0 0 0
0 0 0
0 0 0
0 0 0
0 0 0
0 0 0
0 0 0
0 0 0
0 0 0
0 0 0
0 0 0
0 0 0
0 0 0
0 0 0
0 0 0
0 0 0
5.3200000000e+02 0.0000000000e+00 0.0000000000e+00
9.1430452266e-01 -2.6269053467e-01 3.0828707861e-01
9.4452749750e-02 8.7845193209e-01 4.6840247766e-01
-3.9386027714e-01 -3.9914394146e-01 8.2798441778e-01
1.9754354969e+00 1.2773409846e+00 4.6071913249e-01
5.3200000000e+02 0.0000000000e+00 0.0000000000e+00
9.1315291146e-01 -2.7668132784e-01 2.9933125985e-01
1.2442336936e-01 8.8849618445e-01 4.4169373482e-01
-3.8816309131e-01 -3.6609011602e-01 8.4575850070e-01
1.9520362664e+00 1.2905010404e+00 5.1196209001e-01
5.3200000000e+02 0.0000000000e+00 0.0000000000e+00
9.0792619514e-01 -3.0342948139e-01 2.8913763852e-01
1.5871936466e-01 8.8738376234e-01 4.3284895936e-01
-3.8791518076e-01 -3.4710316645e-01 8.5383909748e-01
1.9142621142e+00 1.3355939344e+00 5.3304596796e-01
5.3200000000e+02 0.0000000000e+00 0.0000000000e+00
9.0837284826e-01 -3.0460421788e-01 2.8648741508e-01
1.6789598891e-01 8.9313971092e-01 4.1726777217e-01
-3.8297481048e-01 -3.3093462682e-01 8.6244568948e-01
1.9085907337e+00 1.3293897685e+00 5.6198040978e-01
5.3200000000e+02 0.0000000000e+00 0.0000000000e+00
9.0589691582e-01 -2.9382181080e-01 3.0499101855e-01
1.5075298886e-01 8.9672803232e-01 4.1611581610e-01
-3.9575789853e-01 -3.3097972681e-01 8.5663767498e-01
1.9278487402e+00 1.2973947831e+00 5.3958164757e-01
5.3200000000e+02 0.0000000000e+00 0.0000000000e+00
8.8897703765e-01 -3.1249637575e-01 3.3476236597e-01
1.5508403297e-01 8.9323661230e-01 4.2199205818e-01
-4.3089299048e-01 -3.2322495199e-01 8.4253003576e-01
1.9831315786e+00 1.2637252124e+00 5.1656356787e-01
5.3200000000e+02 0.0000000000e+00 0.0000000000e+00
8.7567311876e-01 -3.1853746889e-01 3.6294692448e-01
1.3779019873e-01 8.8516191057e-01 4.4441225593e-01
-4.6282874825e-01 -3.3914933731e-01 8.1900383198e-01
2.0453626681e+00 1.2577095556e+00 4.6663596692e-01
5.3200000000e+02 0.0000000000e+00 0.0000000000e+00
8.4049334546e-01 -3.8329671261e-01 3.8295504480e-01
1.7099450708e-01 8.5831652816e-01 4.8379088047e-01
-5.1413209857e-01 -3.4113980651e-01 7.8695096266e-01
2.0258869062e+00 1.3160242703e+00 4.1801557319e-01
0 0 0
0 0 0
0 0 0
0 0 0
0 0 0
0 0 0
0 0 0
0 0 0
0 0 0
0 0 0
5.3200000000e+02 0.0000000000e+00 0.0000000000e+00
6.6110618667e-01 -5.7761773453e-01 4.7884899782e-01
2.1634734505e-01 7.5786638184e-01 6.1549360157e-01
-7.1842357718e-01 -3.0330891849e-01 6.2599621702e-01
1.8562459398e+00 1.4267390318e+00 9.8989133980e-02
0 0 0
0 0 0
0 0 0
0 0 0
0 0 0
0 0 0
0 0 0
0 0 0
0 0 0
0 0 0
5.3200000000e+02 0.0000000000e+00 0.0000000000e+00
5.6683008603e-01 -6.3268915458e-01 5.2764390193e-01
2.6199988360e-01 7.4566200787e-01 6.1265343467e-01
-7.8106319499e-01 -2.0902775820e-01 5.8842814492e-01
1.8881621892e+00 1.4726052298e+00 1.5614701368e-02
5.3200000000e+02 0.0000000000e+00 0.0000000000e+00
5.6479463215e-01 -6.4821346346e-01 5.1071159110e-01
2.6166644904e-01 7.2760686574e-01 6.3412847151e-01
-7.8264787289e-01 -2.2451626828e-01 5.8056416728e-01
1.9129649498e+00 1.4966905256e+00 8.1435836537e-03
5.3200000000e+02 0.0000000000e+00 0.0000000000e+00
5.6693797188e-01 -6.4881913152e-01 5.0755794805e-01
3.0268153945e-01 7.3712186035e-01 6.0418146999e-01
-7.6613655553e-01 -1.8890499617e-01 6.1428794608e-01
1.9382642616e+00 1.5021330194e+00 1.1056823823e-01
5.3200000000e+02 0.0000000000e+00 0.0000000000e+00
5.5825787709e-01 -6.6347854549e-01 4.9814090610e-01
3.6630684405e-01 7.3582726628e-01 5.6954150876e-01
-7.4442423299e-01 -1.3547861039e-01 6.5381809968e-01
1.9347115897e+00 1.5309233890e+00 2.2725030418e-01
0 0 0
0 0 0
0 0 0
0 0 0
0 0 0
0 0 0
0 0 0
0 0 0
0 0 0
0 0 0
0 0 0
0 0 0
0 0 0
0 0 0
0 0 0
5.3200000000e+02 0.0000000000e+00 0.0000000000e+00
1.9593988677e-01 -7.1774177578e-01 6.6817236105e-01
3.6711111359e-01 6.8552017087e-01 6.2872213704e-01
-9.0930577423e-01 1.2210175519e-01 3.9781172724e-01
1.7431930387e+00 1.4757689466e+00 -3.7806959966e-01
5.3200000000e+02 0.0000000000e+00 0.0000000000e+00
1.4841866191e-01 -7.4841238967e-01 6.4641379610e-01
3.8113919176e-01 6.4644608818e-01 6.6093900746e-01
-9.1252661183e-01 1.4827794869e-01 3.8119395670e-01
1.6744518773e+00 1.5299156384e+00 -4.2989029820e-01
5.3200000000e+02 0.0000000000e+00 0.0000000000e+00
9.3562582890e-02 -7.6840347928e-01 6.3308935871e-01
4.0518151019e-01 6.1022624429e-01 6.8077299784e-01
-9.0943608180e-01 1.9282122240e-01 3.6843722573e-01
1.6167441687e+00 1.5831091884e+00 -4.6504374366e-01
5.3200000000e+02 0.0000000000e+00 0.0000000000e+00
6.8582032404e-02 -7.8075479049e-01 6.2106236560e-01
4.4538532630e-01 5.8100889944e-01 6.8121991302e-01
-8.9270847198e-01 2.2989261820e-01 3.8758349829e-01
1.6028545867e+00 1.6357281733e+00 -4.1063879367e-01
5.3200000000e+02 0.0000000000e+00 0.0000000000e+00
4.3411242523e-02 -7.8733904110e-01 6.1498999860e-01
4.8770702041e-01 5.5394004445e-01 6.7475350269e-01
-8.7192736295e-01 2.7064305185e-01 4.0803800340e-01
1.5916817608e+00 1.6865003283e+00 -3.6211642567e-01
5.3200000000e+02 0.0000000000e+00 0.0000000000e+00
6.9882575521e-03 -7.9513536837e-01 6.0639171352e-01
5.1792126340e-01 5.2161067914e-01 6.7799695009e-01
-8.5539974817e-01 3.0932514507e-01 4.1546266433e-01
1.5673322769e+00 1.7278799368e+00 -3.4424351306e-01
5.3200000000e+02 0.0000000000e+00 0.0000000000e+00
-6.4049662739e-02 -7.9838908478e-01 5.9872573855e-01
5.0964818909e-01 4.8965109322e-01 7.0746062100e-01
-8.5799555014e-01 3.5045210259e-01 3.7553556387e-01
1.4905734506e+00 1.7676276951e+00 -4.3787535151e-01
5.3200000000e+02 0.0000000000e+00 0.0000000000e+00
-1.4422190765e-01 -7.9682791077e-01 5.8674127345e-01
4.8892984686e-01 4.5812543018e-01 7.4234001311e-01
-8.6031834003e-01 3.9393701379e-01 3.2352122490e-01
1.3957451946e+00 1.8036362805e+00 -5.7326098489e-01
5.3200000000e+02 0.0000000000e+00 0.0000000000e+00
-2.1048494093e-01 -7.9042964229e-01 5.7525391804e-01
4.6861244326e-01 4.3484658759e-01 7.6896737466e-01
-8.5796181014e-01 4.3142719646e-01 2.7887650760e-01
1.3218890004e+00 1.8244334398e+00 -6.9067343147e-01
5.3200000000e+02 0.0000000000e+00 0.0000000000e+00
-3.1534125793e-01 -7.5222471752e-01 5.7854806663e-01
4.3287833105e-01 4.2851174169e-01 7.9309144349e-01
-8.4449762673e-01 5.0053537496e-01 1.9049434863e-01
1.1815136003e+00 1.8235994929e+00 -9.1403134721e-01
5.3200000000e+02 0.0000000000e+00 0.0000000000e+00
-3.8828387447e-01 -7.3774781627e-01 5.5223526908e-01
4.0173022950e-01 4.0380718985e-01 8.2192005459e-01
-8.2936629756e-01 5.4098790468e-01 1.3958377932e-01
1.0463589960e+00 1.8360408342e+00 -1.0413510202e+00
5.3200000000e+02 0.0000000000e+00 0.0000000000e+00
-3.9828671569e-01 -7.6259425714e-01 5.0972315140e-01
3.8814519849e-01 3.6337756959e-01 8.4693568044e-01
-8.3109024599e-01 5.3516982434e-01 1.5126884056e-01
9.9088948598e-01 1.8925926866e+00 -1.0028059820e+00
5.3200000000e+02 0.0000000000e+00 0.0000000000e+00
-4.1644486644e-01 -7.6613248560e-01 4.8950453290e-01
3.3418891969e-01 3.7172559794e-01 8.6610498543e-01
-8.4551253046e-01 5.2427196601e-01 1.0122977072e-01
9.3615120041e-01 1.8654742000e+00 -1.1264018937e+00
5.3200000000e+02 0.0000000000e+00 0.0000000000e+00
-4.1123081966e-01 -7.7024834388e-01 4.8744917859e-01
3.3709103826e-01 3.6834357890e-01 8.6642520728e-01
-8.4691135598e-01 5.2061549788e-01 1.0816958209e-01
9.6894493319e-01 1.8996664691e+00 -1.0921069568e+00
5.3200000000e+02 0.0000000000e+00 0.0000000000e+00
-4.0730293951e-01 -7.8249815795e-01 4.7095748032e-01
3.4024903203e-01 3.4853705094e-01 8.7335704057e-01
-8.4754640679e-01 5.1596371667e-01 1.2428407544e-01
9.8751690256e-01 1.9356072087e+00 -1.0355657581e+00
5.3200000000e+02 0.0000000000e+00 0.0000000000e+00
-4.1149063013e-01 -8.0161005851e-01 4.3370125134e-01
3.1467516010e-01 3.2163841365e-01 8.9304438550e-01
-8.5536834459e-01 5.0395440763e-01 1.1989558000e-01
9.6265609053e-01 1.9537787261e+00 -1.0345955264e+00
5.3200000000e+02 0.0000000000e+00 0.0000000000e+00
-4.2480516925e-01 -8.1010121737e-01 4.0407497546e-01
2.9607010084e-01 2.9748212179e-01 9.0766011403e-01
-8.5550164440e-01 5.0521322709e-01 1.1347480602e-01
9.2282795449e-01 1.9801331552e+00 -1.0305818051e+00
0 0 0
0 0 0
0 0 0
0 0 0
0 0 0
5.3200000000e+02 0.0000000000e+00 0.0000000000e+00
-4.6086373787e-01 -8.2331081233e-01 3.3130638603e-01
4.0128125959e-02 3.5360137917e-01 9.3453507058e-01
-8.8656322314e-01 4.4398803019e-01 -1.2992413334e-01
8.0719637031e-01 1.6019303235e+00 -1.5858873185e+00
0 0 0
0 0 0
0 0 0
0 0 0
0 0 0
0 0 0
0 0 0
0 0 0
0 0 0
0 0 0
0 0 0
0 0 0
0 0 0
0 0 0
0 0 0
0 0 0
0 0 0
0 0 0
0 0 0
0 0 0
5.3200000000e+02 0.0000000000e+00 0.0000000000e+00
-5.0249331320e-01 -8.1197664942e-01 2.9697540468e-01
3.1038718074e-01 1.5117163773e-01 9.3851315067e-01
-8.0694502181e-01 5.6377394117e-01 1.7606440594e-01
7.1709859293e-01 2.1358081326e+00 -8.6176529782e-01
5.3200000000e+02 0.0000000000e+00 0.0000000000e+00
-5.1879456433e-01 -8.0136498965e-01 2.9776895975e-01
3.5237182247e-01 1.1689921729e-01 9.2853038277e-01
-7.7890069890e-01 5.8664190642e-01 2.2173176336e-01
6.9706366462e-01 2.1885982283e+00 -7.6553412697e-01
5.3200000000e+02 0.0000000000e+00 0.0000000000e+00
-4.9095713123e-01 -8.2124412613e-01 2.9072182682e-01
3.7069250850e-01 1.0506284237e-01 9.2279405248e-01
-7.8838325669e-01 5.6082072398e-01 2.5284769352e-01
7.2982446000e-01 2.2123341507e+00 -7.0399594771e-01
5.3200000000e+02 0.0000000000e+00 0.0000000000e+00
-4.8124206578e-01 -8.3600732263e-01 2.6362441207e-01
3.3865021035e-01 1.0007999063e-01 9.3557470600e-01
-8.0853083377e-01 5.3951436681e-01 2.3495135423e-01
7.2040967698e-01 2.1996547403e+00 -7.6659823867e-01
5.3200000000e+02 0.0000000000e+00 0.0000000000e+00
-4.4999265678e-01 -8.6213950677e-01 2.3285634994e-01
3.2314189180e-01 8.5882775932e-02 9.4244547140e-01
-8.3251782360e-01 4.9933918298e-01 2.3994677270e-01
7.4470201458e-01 2.1947169833e+00 -7.5944648602e-01
0 0 0
0 0 0
0 0 0
0 0 0
0 0 0
5.3200000000e+02 0.0000000000e+00 0.0000000000e+00
-4.2800762983e-01 -8.9200561536e-01 1.4538036655e-01
2.7204023838e-01 2.6244383326e-02 9.6192792924e-01
-8.6186053252e-01 4.5126180263e-01 2.3142862394e-01
6.6525364216e-01 2.2039015208e+00 -7.9895434358e-01
0 0 0
0 0 0
0 0 0
0 0 0
0 0 0
0 0 0
0 0 0
0 0 0
0 0 0
0 0 0
0 0 0
0 0 0
0 0 0
0 0 0
0 0 0
0 0 0
0 0 0
0 0 0
0 0 0
0 0 0
0 0 0
0 0 0
0 0 0
0 0 0
0 0 0
0 0 0
0 0 0
0 0 0
0 0 0
0 0 0
0 0 0
0 0 0
0 0 0
0 0 0
0 0 0
0 0 0
0 0 0
0 0 0
0 0 0
0 0 0
0 0 0
0 0 0
0 0 0
0 0 0
0 0 0
0 0 0
0 0 0
0 0 0
0 0 0
0 0 0
0 0 0
0 0 0
0 0 0
0 0 0
0 0 0
0 0 0
0 0 0
0 0 0
0 0 0
0 0 0
0 0 0
0 0 0
0 0 0
0 0 0
0 0 0
0 0 0
0 0 0
0 0 0
0 0 0
0 0 0
0 0 0
0 0 0
0 0 0
0 0 0
0 0 0
0 0 0
0 0 0
0 0 0
0 0 0
0 0 0
0 0 0
0 0 0
0 0 0
0 0 0
0 0 0
0 0 0
0 0 0
0 0 0
0 0 0
0 0 0
0 0 0
0 0 0
0 0 0
0 0 0
0 0 0
0 0 0
0 0 0
0 0 0
0 0 0
0 0 0
0 0 0
0 0 0
0 0 0
0 0 0
0 0 0
0 0 0
0 0 0
0 0 0
0 0 0
0 0 0
0 0 0
0 0 0
0 0 0
0 0 0
0 0 0
0 0 0
0 0 0
0 0 0
0 0 0
0 0 0
0 0 0
0 0 0
0 0 0
0 0 0
0 0 0
0 0 0
0 0 0
0 0 0
0 0 0
0 0 0
0 0 0
0 0 0
0 0 0
0 0 0
0 0 0
0 0 0
0 0 0
0 0 0
0 0 0
0 0 0
0 0 0
0 0 0
0 0 0
0 0 0
0 0 0
0 0 0
0 0 0
0 0 0
0 0 0
0 0 0
0 0 0
0 0 0
0 0 0
0 0 0
0 0 0
0 0 0
0 0 0
0 0 0
0 0 0
0 0 0
0 0 0
0 0 0
0 0 0
0 0 0
0 0 0
0 0 0
0 0 0
0 0 0
0 0 0
0 0 0
0 0 0
0 0 0
0 0 0
0 0 0
0 0 0
0 0 0
0 0 0
0 0 0
0 0 0
0 0 0
0 0 0
0 0 0
0 0 0
0 0 0
0 0 0
0 0 0
0 0 0
0 0 0
0 0 0
0 0 0
0 0 0
0 0 0
0 0 0
0 0 0
0 0 0
0 0 0
0 0 0
0 0 0
0 0 0
0 0 0
0 0 0
0 0 0
0 0 0
0 0 0
0 0 0
0 0 0
0 0 0
0 0 0
0 0 0
0 0 0
0 0 0
0 0 0
0 0 0
0 0 0
0 0 0
0 0 0
0 0 0
0 0 0
0 0 0
0 0 0
0 0 0
0 0 0
0 0 0
0 0 0
0 0 0
0 0 0
0 0 0
0 0 0
0 0 0
0 0 0
0 0 0
0 0 0
0 0 0
0 0 0
0 0 0
0 0 0
0 0 0
0 0 0
0 0 0
0 0 0
0 0 0
0 0 0
0 0 0
0 0 0
0 0 0
0 0 0
0 0 0
0 0 0
0 0 0
0 0 0
0 0 0
0 0 0
0 0 0
0 0 0
0 0 0
0 0 0
0 0 0
0 0 0
0 0 0
0 0 0
0 0 0
0 0 0
0 0 0
0 0 0
0 0 0
0 0 0
0 0 0
0 0 0
0 0 0
0 0 0
0 0 0
0 0 0
0 0 0
0 0 0
0 0 0
0 0 0
0 0 0
0 0 0
0 0 0
0 0 0
0 0 0
0 0 0
0 0 0
0 0 0
0 0 0
0 0 0
0 0 0
0 0 0
0 0 0
0 0 0
0 0 0
0 0 0
0 0 0
0 0 0
0 0 0
0 0 0
0 0 0
0 0 0
0 0 0
0 0 0
0 0 0
0 0 0
0 0 0
0 0 0
0 0 0
0 0 0
0 0 0
0 0 0
0 0 0
0 0 0
0 0 0
0 0 0
0 0 0
0 0 0
0 0 0
0 0 0
0 0 0
0 0 0
0 0 0
0 0 0
0 0 0
0 0 0
0 0 0
0 0 0
0 0 0
0 0 0
0 0 0
0 0 0
0 0 0
0 0 0
0 0 0
0 0 0
0 0 0
0 0 0
0 0 0
0 0 0
0 0 0
0 0 0
0 0 0
0 0 0
0 0 0
0 0 0
0 0 0
0 0 0
0 0 0
0 0 0
0 0 0
0 0 0
0 0 0
0 0 0
0 0 0
0 0 0
0 0 0
0 0 0
0 0 0
0 0 0
0 0 0
0 0 0
0 0 0
0 0 0
0 0 0
0 0 0
0 0 0
0 0 0
0 0 0
0 0 0
0 0 0
0 0 0
0 0 0
0 0 0
0 0 0
0 0 0
0 0 0
0 0 0
0 0 0
0 0 0
0 0 0
0 0 0
0 0 0
0 0 0
0 0 0
0 0 0
0 0 0
0 0 0
0 0 0
0 0 0
0 0 0
0 0 0
0 0 0
0 0 0
0 0 0
0 0 0
0 0 0
0 0 0
0 0 0
0 0 0
0 0 0
0 0 0
0 0 0
0 0 0
0 0 0
0 0 0
0 0 0
0 0 0
0 0 0
0 0 0
0 0 0
0 0 0
0 0 0
0 0 0
0 0 0
0 0 0
0 0 0
0 0 0
0 0 0
0 0 0
0 0 0
0 0 0
0 0 0
0 0 0
0 0 0
0 0 0
0 0 0
0 0 0
0 0 0
0 0 0
0 0 0
0 0 0
0 0 0
0 0 0
0 0 0
0 0 0
0 0 0
0 0 0
0 0 0
0 0 0
0 0 0
0 0 0
0 0 0
0 0 0
0 0 0
0 0 0
0 0 0
0 0 0
0 0 0
0 0 0
0 0 0
0 0 0
0 0 0
0 0 0
0 0 0
0 0 0
0 0 0
0 0 0
0 0 0
0 0 0
0 0 0
0 0 0
0 0 0
0 0 0
0 0 0
0 0 0
0 0 0
0 0 0
0 0 0
0 0 0
0 0 0
0 0 0
0 0 0
0 0 0
1.5305406010e-01 -4.8222144744e-01 -1.6953092555e+00
8 10 5
19 5 19 242.2500 -255.2000 14 34 394.2300 -338.4000 0 25 208.3700 -221.5900 1 22 205.6700 -228.9700 2 23 201.8700 -234.6600 3 22 212.4800 -241.8100 4 23 225.2900 -250.3400 6 21 258.1100 -257.7700 7 21 274.6300 -258.0400 8 21 279.1899 -268.3300 9 21 285.2600 -294.6100 10 34 304.2000 -311.3600 13 25 391.4800 -329.3900 11 29 340.2800 -350.3400 15 32 395.7400 -354.2500 12 23 371.8900 -341.6200 18 30 375.7400 -137.5700 16 40 392.7900 -284.1800 17 38 384.0000 -197.5000
1.9496449247e-01 -4.0749545922e-01 -1.6686875655e+00
160 135 84
30 5 28 286.1801 -194.1700 14 27 439.8000 -284.4400 0 34 252.5800 -160.5000 1 29 250.2100 -167.7800 2 31 246.3600 -173.3400 3 28 256.3101 -180.1800 4 31 269.6000 -188.6400 6 26 302.1600 -194.3500 7 29 318.3101 -194.1700 8 32 321.2700 -204.8300 9 34 327.8600 -231.9000 10 39 346.4600 -251.4100 13 29 438.8199 -271.0400 11 34 384.9301 -288.9700 15 25 437.7200 -302.7600 12 27 418.3700 -282.1400 19 19 410.9900 -56.0600 22 23 449.2300 119.1400 23 20 448.3000 163.4100 18 20 411.5300 -93.5400 20 19 420.7800 -7.9000 21 27 446.1899 58.1900 16 17 433.4900 -236.2700 17 23 421.7400 -151.3200 27 29 387.5300 178.2600 25 25 392.0500 124.2000 30 25 390.1400 215.0100 31 26 376.6200 211.6100 33 36 305.3500 202.9600 28 24 392.1300 179.2100
1.2600348793e-01 -4.1060074637e-01 -1.6946637350e+00
24 17 9
24 5 49 221.8199 -194.9900 14 37 374.2500 -284.2900 0 49 189.7400 -160.2100 1 44 187.5400 -167.5300 2 48 184.1100 -172.8900 3 48 193.8199 -179.8100 4 54 206.9000 -188.0800 6 53 237.2900 -195.7700 7 55 252.7700 -196.2400 8 40 257.1500 -205.6700 9 56 263.6300 -232.9800 10 60 282.0200 -251.8100 13 40 371.0800 -270.2700 11 44 318.3000 -288.6700 15 35 378.1200 -301.9500 12 39 351.1000 -280.8000 19 29 360.3199 -58.1100 22 30 398.9200 110.1800 23 26 397.7600 151.2800 18 37 359.7100 -94.3700 20 32 370.8900 -12.4700 21 39 396.0300 52.4000 16 44 377.8400 -235.9100 17 43 369.5800 -150.8700
1.6977691098e-03 -5.1679483208e-01 -1.7221139318e+00
26 98 24
21 5 45 121.0300 -285.7200 14 72 273.0200 -382.8500 0 63 87.3101 -247.9300 1 56 85.4800 -255.4100 2 56 81.3600 -260.9800 3 44 90.6500 -268.4600 4 66 102.9399 -277.2900 6 49 137.4700 -288.8500 8 51 156.5500 -300.8000 9 54 162.6600 -328.4100 10 58 179.4301 -348.6300 13 78 263.6300 -371.2000 11 62 211.3500 -390.2100 15 61 282.0900 -396.1700 12 49 241.3300 -382.7200 19 54 284.6000 -139.7000 18 72 279.2500 -175.3300 20 77 300.6801 -96.8900 21 88 328.5800 -33.4200 16 90 287.4900 -323.7000 17 89 284.0200 -234.4800
4.6495035565e-02 -4.9603556796e-01 -1.7093775413e+00
23 93 21
20 5 62 160.7300 -267.7400 14 74 313.0100 -364.1500 0 66 126.8700 -231.5900 1 59 124.3199 -238.5800 2 58 121.0000 -244.1700 3 62 130.5800 -251.3700 4 68 143.5100 -260.2900 6 61 177.0300 -270.2600 7 66 193.7700 -271.4800 8 69 195.8300 -281.9600 9 68 202.5699 -309.5500 10 76 219.5900 -329.6900 13 80 305.1100 -352.1300 11 89 253.4399 -370.7200 12 77 283.5100 -363.5900 19 84 313.7400 -123.3200 18 74 310.4301 -159.8700 20 104 326.9900 -79.3100 16 91 323.0100 -308.4300 17 68 317.8700 -220.3500
2.5902324839e-01 -4.0177756563e-01 -1.6541883284e+00
20 15 12
15 5 66 338.1500 -188.9700 14 91 487.5601 -277.2900 0 70 304.3800 -156.3200 1 62 301.5400 -163.4700 2 61 297.9500 -169.1200 3 65 308.5699 -176.2300 4 72 321.9700 -184.3900 6 92 354.2000 -187.3700 7 71 370.1700 -187.4100 8 73 373.7500 -198.7600 9 69 380.0300 -225.4800 10 77 399.5601 -245.2400 13 82 491.1400 -263.9500 11 65 438.5300 -285.5000 12 81 473.0601 -275.5600
-1.8185609240e-02 -4.8885982597e-01 -1.7196765540e+00
20 88 15
20 5 188 105.3000 -262.5100 14 179 261.5601 -362.1000 0 162 71.9399 -225.2100 1 164 69.9399 -232.2400 2 161 66.6500 -237.9000 3 177 75.9301 -245.0500 4 192 88.7000 -254.1600 6 175 121.6300 -265.6500 7 190 137.8500 -267.3400 8 198 141.1000 -277.6200 9 193 147.7600 -305.0200 10 208 164.8700 -325.2800 13 148 250.7200 -348.1600 11 195 197.3800 -365.9300 15 146 273.2900 -376.4300 12 143 227.8500 -358.7800 19 114 276.2200 -124.7100 20 102 291.6000 -82.3800 16 144 279.9399 -305.9400 17 114 277.2300 -217.9400
1.0194920722e-01 -4.4931100936e-01 -1.6858081563e+00
24 117 23
17 5 193 212.4600 -229.3800 14 187 366.6899 -326.1200 0 166 178.3101 -194.2700 1 169 176.2100 -201.3900 2 164 172.8500 -206.9100 3 182 183.0100 -213.9500 4 197 195.7000 -222.6800 6 179 228.5500 -231.0100 7 195 244.4100 -231.6900 8 208 247.5601 -241.8300 9 200 254.1600 -269.5700 10 213 273.2700 -289.3700 13 195 361.9200 -312.3800 11 199 308.8199 -329.1000 15 151 370.8600 -341.6900 12 176 341.0400 -322.7200 18 146 354.9200 -126.9100
-2.2615826724e-01 -1.2140836834e-01 -1.7830407187e+00
152 87 8
15 5 205 -65.3300 55.1100 14 125 70.4800 -45.2000 0 176 -90.0200 92.2100 1 184 -91.9300 84.5400 2 181 -95.1000 78.5700 3 193 -88.0000 73.2500 4 205 -76.7600 65.2500 6 195 -54.8400 49.5500 7 208 -42.8100 46.8500 8 225 -38.5900 39.0000 9 214 -33.2200 12.1700 10 236 -20.0100 -2.3000 13 155 53.5200 -15.0100 11 154 4.2300 -32.1000 15 161 90.9301 -86.5400
3.0275993617e-01 -7.5032364845e-01 -1.7688397415e+00
29 23 9
3 5 228 305.0100 -449.5400 14 299 423.5000 -483.5500 0 189 264.1400 -412.5200
-7.3023366151e-02 -5.1489522894e-01 -1.7392817854e+00
53 113 44
11 5 266 54.2700 -283.5800 14 173 210.1700 -383.9100 0 204 21.0400 -245.5400 1 162 17.4000 -252.9900 2 157 14.1300 -258.7500 3 243 24.3400 -265.6500 4 260 37.2800 -274.6200 6 239 70.9399 -287.6700 7 245 87.2500 -289.7700 9 262 96.9700 -327.9700 10 271 113.9301 -348.5300
9.3168249006e-02 -4.5771779505e-01 -1.6848955050e+00
191 202 144
12 5 191 206.8101 -237.3900 14 184 361.7400 -334.5800 0 205 172.7800 -202.2900 1 216 170.6100 -209.3200 3 181 177.0200 -221.8500 4 196 190.0601 -230.6900 6 177 222.9500 -239.2500 7 252 239.0000 -240.3000 8 204 242.7200 -250.5300 9 197 249.1600 -278.2500 10 140 268.3800 -298.5000 13 191 356.9600 -321.5200
7.6645424273e-02 -4.5181938972e-01 -1.6928537905e+00
208 220 147
14 5 275 189.8000 -230.9500 14 185 344.9600 -328.4400 0 206 156.1801 -195.5200 1 217 153.9301 -202.6100 2 218 150.5300 -208.1800 3 248 160.4200 -215.1300 4 270 173.6300 -223.7600 6 245 205.7300 -232.8900 7 253 221.8300 -233.8000 8 205 225.6600 -244.1300 9 198 232.1400 -271.8400 10 211 250.6300 -291.8400 13 192 338.7600 -314.4100 11 143 286.6700 -331.9400
7.6335982900e-02 -4.5176061716e-01 -1.6923852170e+00
208 220 147
15 5 277 189.8000 -230.9500 14 186 344.9600 -328.4400 0 208 156.1801 -195.5200 1 219 153.9301 -202.6100 2 220 150.5300 -208.1800 3 249 160.4200 -215.1300 4 271 173.6300 -223.7600 6 247 205.7300 -232.8900 7 255 221.8300 -233.8000 8 207 225.6600 -244.1300 9 199 232.1400 -271.8400 10 212 250.6300 -291.8400 13 194 338.7600 -314.4100 11 144 286.6700 -331.9400 18 104 338.6000 -130.7200
1.0840169159e-01 -4.4168074003e-01 -1.6842357077e+00
218 218 165
14 5 280 217.6899 -222.4600 14 235 372.0699 -319.4000 0 210 183.9301 -187.5300 1 221 181.6500 -194.6600 2 222 178.2400 -200.3600 3 252 188.1899 -207.2300 4 274 201.2700 -215.9400 6 249 233.4000 -223.9400 7 258 249.6801 -224.5700 8 292 253.2200 -235.0200 9 274 259.7300 -262.6200 10 284 278.3400 -282.6700 13 260 367.8300 -305.1500 11 245 314.7400 -322.5700
1.0144945627e-01 -4.3587150223e-01 -1.6887862717e+00
16 89 11
11 5 282 210.2600 -216.4900 14 191 362.5900 -312.4400 0 212 177.0500 -181.5900 3 385 181.5900 -200.8000 4 423 193.9301 -209.6200 7 260 242.1500 -218.8300 8 293 244.8900 -229.6500 9 276 251.6100 -256.8100 10 285 269.6400 -276.1800 13 199 358.1300 -298.7000 19 155 353.8800 -83.1500
-1.4668146112e-01 -8.2606772796e-02 -1.7589663764e+00
112 65 40
15 5 337 1.9000 82.2200 14 276 138.5699 -13.1400 0 248 -22.8400 118.0900 1 258 -24.8600 110.2400 2 257 -28.1800 104.2400 3 312 -20.5500 98.9900 4 336 -8.9000 91.1000 6 295 12.1800 77.7600 7 320 24.2300 75.6100 8 342 28.6000 68.4200 9 320 33.6100 42.0500 10 341 48.1700 27.2400 13 319 125.0000 17.1600 11 272 73.7400 -0.1700 15 289 155.2600 -55.1100
5.9350743171e-01 -5.9660556198e-01 -1.5305839218e+00
22 14 0
14 5 389 682.9700 -387.3400 14 454 824.3400 -462.5700 0 281 638.4700 -356.8600 1 294 635.7900 -364.1200 2 288 631.8500 -369.7400 3 352 645.5900 -378.0000 4 385 661.1801 -386.4200 6 337 703.4399 -382.3900 7 375 723.2600 -379.4900 8 389 727.1700 -392.5700 9 370 733.8000 -420.5700 10 398 757.1200 -443.7300 11 236 808.1600 -489.2900 12 242 845.8101 -483.4100
3.4149900533e-01 -4.9878985662e-01 -1.5375249518e+00
89 87 66
11 5 256 510.4100 -307.3000 14 221 679.4000 -423.8800 0 295 468.8500 -274.5100 1 209 466.1600 -281.5500 2 208 462.4399 -286.8900 3 232 474.6899 -295.3000 4 252 489.9600 -304.2200 6 234 529.6700 -304.6800 7 241 548.7600 -303.1800 8 187 553.0200 -317.0400 9 179 560.7100 -347.7300
3.3974072851e-01 -4.9819419705e-01 -1.5367245748e+00
89 87 66
10 5 257 510.4100 -307.3000 14 222 679.4000 -423.8800 0 296 468.8500 -274.5100 2 209 462.4399 -286.8900 3 233 474.6899 -295.3000 4 253 489.9600 -304.2200 6 235 529.6700 -304.6800 7 242 548.7600 -303.1800 8 188 553.0200 -317.0400 9 180 560.7100 -347.7300
-1.1558959591e-02 -4.9195738040e-01 -1.7157652215e+00
213 230 159
11 5 270 112.6100 -265.8000 14 177 270.1100 -366.0300 0 308 78.4900 -229.3800 1 315 76.5900 -236.0100 2 217 73.3400 -241.5800 4 267 95.7500 -257.6100 6 241 128.8000 -269.1200 7 250 145.0601 -270.8100 8 286 148.4301 -280.9900 9 269 155.0601 -308.8600 10 275 172.7500 -329.2300
1.1873112912e-01 -4.3198509988e-01 -1.6783455359e+00
207 224 153
19 5 412 227.8000 -214.2400 14 239 381.7100 -310.1900 0 315 194.2100 -179.9400 1 319 192.0800 -186.9400 2 326 188.4100 -192.7100 3 254 198.4600 -199.2900 6 361 243.5200 -216.0000 7 398 259.7100 -216.0300 8 295 263.2800 -226.5700 9 279 269.8300 -254.1500 10 288 288.5200 -274.0900 13 261 378.3300 -295.9400 12 222 357.6200 -305.9500 19 261 367.8700 -78.9900 23 222 411.5900 132.2900 20 164 379.7800 -32.4600 21 190 406.1100 32.1400 27 444 360.0500 140.7600 25 217 360.2600 89.0700
1.6716952605e-01 -4.1175635592e-01 -1.6701802703e+00
214 228 156
17 5 286 266.4399 -196.9100 14 246 419.4399 -291.1300 0 317 232.6899 -163.0000 1 226 230.5601 -170.3300 2 226 227.0100 -175.8500 3 256 237.0601 -182.5200 4 276 250.2600 -191.1100 6 254 281.9900 -197.6000 7 264 298.1801 -197.6400 8 297 301.8700 -207.8900 9 280 308.2100 -235.5100 10 219 327.6200 -255.0900 13 267 418.4600 -276.5100 12 224 398.3500 -286.5300 19 203 396.3600 -62.6200 22 216 435.9399 110.0300 21 192 432.5699 50.3900
-1.0810951084e-01 -4.1201512655e-01 -1.8660070388e+00
98 11 6
7 5 431 -3.6900 -174.6800 14 334 127.5500 -246.2900 0 325 -32.3200 -138.0000 1 328 -34.1600 -145.0800 2 333 -37.3600 -151.0300 3 394 -29.2100 -157.2800 10 416 45.6800 -229.9700
-1.0814953546e-01 -4.1203849058e-01 -1.8649555345e+00
98 11 6
9 5 432 -3.6900 -174.6800 14 335 127.5500 -246.2900 0 326 -32.3200 -138.0000 1 329 -34.1600 -145.0800 2 334 -37.3600 -151.0300 3 395 -29.2100 -157.2800 6 374 9.5600 -179.7100 10 417 45.6800 -229.9700 13 373 114.6000 -234.1000
-2.8607916668e-01 -3.9982533043e-01 -1.9182756032e+00
107 52 12
12 5 439 -137.9800 -159.9700 14 338 -9.3100 -238.7300 0 333 -164.7700 -121.1100 1 333 -166.5700 -128.1400 2 340 -169.7800 -134.2700 3 401 -162.3000 -140.4200 4 441 -151.4600 -148.6900 6 381 -124.4300 -167.0600 7 416 -110.3900 -170.4700 8 428 -108.2400 -177.8600 9 414 -103.1300 -202.6500 10 420 -91.2300 -217.8600
-7.6721933210e-02 -3.5382135047e-01 -1.8485208363e+00
78 1 3
12 5 453 22.8700 -132.5300 14 578 152.8900 -205.8100 0 340 -5.1200 -96.2200 1 340 -6.6800 -103.5900 2 346 -10.2100 -109.4500 3 413 -2.0100 -115.5300 4 450 9.4300 -123.7100 6 392 35.9000 -136.5100 7 425 49.7400 -138.6100 9 426 57.9600 -171.2000 10 426 72.0200 -186.5000 13 681 141.9700 -191.0100
-2.4267242206e-01 -3.3836136532e-01 -1.8776454284e+00
151 87 20
5 5 469 -99.6700 -117.3300 14 353 31.8200 -201.5700 0 345 -126.3400 -79.0800 3 430 -123.7300 -98.5200 4 470 -112.5200 -106.5600
-2.5315518044e-01 -3.0139763782e-01 -1.8637991896e+00
112 58 14
13 5 491 -104.5100 -89.0400 14 364 27.3500 -176.6800 0 356 -130.7700 -50.5900 1 364 -132.7200 -57.9800 2 229 -136.1300 -63.8900 3 268 -128.6400 -69.9000 4 289 -117.4000 -78.2100 6 263 -92.3000 -95.2400 7 277 -78.6700 -98.2100 9 445 -69.6400 -131.2000 10 440 -57.2300 -147.1300 13 278 9.3400 -156.7100 11 331 -35.8000 -178.2600
-3.5147733918e-02 -2.5830848920e-01 -1.8269776713e+00
75 5 1
12 5 512 58.1700 -63.9300 14 633 187.6100 -136.8700 0 363 31.4500 -28.8900 1 376 29.2200 -36.2600 2 380 25.9100 -42.2800 3 465 34.2100 -47.8800 4 498 45.6500 -55.7700 6 454 70.0500 -67.4400 7 500 83.6000 -68.9600 8 467 86.7400 -76.4700 9 455 91.7500 -101.3300 10 455 106.4399 -115.9800
-3.3189151365e-01 -2.2178956352e-01 -1.8770185575e+00
102 59 8
11 5 533 -161.1200 -26.1200 14 376 -33.3500 -117.7100 0 378 -185.8600 12.6600 1 397 -187.5200 5.0400 4 528 -172.6400 -14.9400 6 474 -149.7400 -33.4900 7 526 -136.5000 -37.4400 8 486 -133.6500 -44.2000 10 482 -116.7500 -84.5600 13 436 -54.0300 -93.6200 11 348 -96.9300 -114.2100
-3.3174933641e-01 -2.2190483727e-01 -1.8778963383e+00
102 59 8
13 5 534 -161.1200 -26.1200 14 377 -33.3500 -117.7100 0 379 -185.8600 12.6600 1 398 -187.5200 5.0400 2 396 -189.7200 -1.9300 4 529 -172.6400 -14.9400 6 475 -149.7400 -33.4900 7 527 -136.5000 -37.4400 8 487 -133.6500 -44.2000 9 469 -128.8700 -69.6700 10 483 -116.7500 -84.5600 13 437 -54.0300 -93.6200 11 349 -96.9300 -114.2100
-3.5073369266e-01 -2.2263092976e-01 -1.8944383021e+00
160 113 32
14 5 1030 -173.5900 -28.3200 14 646 -48.0900 -117.9500 0 380 -201.5600 12.5900 1 395 -202.5500 4.6300 2 699 -203.4300 -2.4500 3 483 -198.3800 -7.4000 6 472 -165.0600 -34.4800 7 524 -152.3000 -38.2600 8 488 -149.4800 -44.9100 9 468 -142.5200 -71.3900 10 480 -132.8600 -85.0900 13 438 -71.8500 -92.9400 11 350 -113.8600 -114.4400 15 369 -24.2000 -151.4500
-3.6409810106e-01 -2.1751631868e-01 -1.9108161825e+00
158 112 31
13 5 535 -185.0400 -24.2500 14 378 -60.3900 -113.4000 0 382 -208.8500 14.7900 1 399 -210.4100 7.2700 2 703 -216.3400 2.2700 3 948 -206.5200 -4.5800 4 1031 -199.0900 -11.4700 6 476 -173.0200 -32.0500 7 528 -160.2900 -35.9900 8 490 -157.6000 -42.6900 9 470 -152.7100 -68.1700 10 855 -144.3700 -81.2200 15 378 -39.1300 -145.3600
-3.6252908676e-01 -2.1905521795e-01 -1.8987025696e+00
158 112 31
9 5 536 -185.0400 -24.2500 14 379 -60.3900 -113.4000 0 383 -208.8500 14.7900 1 400 -210.4100 7.2700 3 949 -206.5200 -4.5800 6 477 -173.0200 -32.0500 7 529 -160.2900 -35.9900 8 491 -157.6000 -42.6900 9 471 -152.7100 -68.1700
-1.5696133667e-01 -1.8596865579e-01 -1.7979035220e+00
93 34 0
12 5 554 -18.0400 -2.0800 14 384 117.2500 -93.5600 0 391 -43.8800 34.4400 1 410 -45.4800 26.8000 2 404 -48.8700 20.7000 3 500 -41.3800 15.3000 4 548 -29.9100 7.1300 6 490 -6.6100 -6.9900 8 515 9.8400 -16.8000 9 486 15.0800 -42.7900 10 503 29.0600 -57.9000 11 362 53.9800 -87.2900
-1.5681964723e-01 -1.8589466040e-01 -1.7982032807e+00
93 34 0
