# Bundle file v0.3
200 9892
5.3200000000e+02 0.0000000000e+00 0.0000000000e+00
9.5115403280e-01 5.5860964992e-02 3.0362074777e-01
-9.9364153705e-02 9.8655286200e-01 1.2976985570e-01
-2.9228884831e-01 -1.5360014023e-01 9.4391431077e-01
6.4890436192e-01 4.4544105773e-01 9.2835027558e-01
5.3200000000e+02 0.0000000000e+00 0.0000000000e+00
9.5117115074e-01 5.5224204316e-02 3.0368360056e-01
-1.0107314114e-01 9.8534685055e-01 1.3738924359e-01
-2.9164646772e-01 -1.6137494035e-01 9.4281518152e-01
6.4601216438e-01 4.4940408004e-01 9.2207361908e-01
5.3200000000e+02 0.0000000000e+00 0.0000000000e+00
9.5134653578e-01 5.3734079236e-02 3.0340141330e-01
-1.0166679166e-01 9.8427297352e-01 1.4446652581e-01
-2.9086703549e-01 -1.6828357714e-01 9.4184765505e-01
6.4041386649e-01 4.5445395045e-01 9.1675472063e-01
5.3200000000e+02 0.0000000000e+00 0.0000000000e+00
9.5171069523e-01 5.2031046712e-02 3.0255499132e-01
-9.9399849625e-02 9.8466997767e-01 1.4333424215e-01
-2.9045898589e-01 -1.6648665188e-01 9.4229282723e-01
6.4920156750e-01 4.4494270331e-01 9.2139546546e-01
5.3200000000e+02 0.0000000000e+00 0.0000000000e+00
9.5210872431e-01 5.0336853985e-02 3.0158776206e-01
-9.7942314952e-02 9.8459153574e-01 1.4486825286e-01
-2.8964854572e-01 -1.6746853100e-01 9.4236829907e-01
6.6209655469e-01 4.3736148965e-01 9.2222516252e-01
5.3200000000e+02 0.0000000000e+00 0.0000000000e+00
9.5382338811e-01 3.5686743151e-02 2.9824050809e-01
-8.4103645965e-02 9.8493063573e-01 1.5112319321e-01
-2.8835311866e-01 -1.6922795028e-01 9.4245126124e-01
6.6896732802e-01 4.3883721896e-01 9.2274215949e-01
5.3200000000e+02 0.0000000000e+00 0.0000000000e+00
9.5530339415e-01 2.0171156829e-02 2.9493821312e-01
-6.9243992299e-02 9.8518357563e-01 1.5690312886e-01
-2.8740336578e-01 -1.7031279091e-01 9.4254594508e-01
6.7492748346e-01 4.4541157986e-01 9.2328250706e-01
5.3200000000e+02 0.0000000000e+00 0.0000000000e+00
9.5640666031e-01 1.0893362090e-02 2.9183494440e-01
-6.0191962448e-02 9.8520084655e-01 1.6048744377e-01
-2.8576778644e-01 -1.7105737814e-01 9.4290834423e-01
6.8428894504e-01 4.5021444966e-01 9.2417609228e-01
5.3200000000e+02 0.0000000000e+00 0.0000000000e+00
9.5591580979e-01 1.5780312386e-02 2.9321655195e-01
-6.4837193854e-02 9.8525169339e-01 1.5835163076e-01
-2.8639326614e-01 -1.7038216577e-01 9.4284082151e-01
6.9243012758e-01 4.3592460606e-01 9.2682577066e-01
5.3200000000e+02 0.0000000000e+00 0.0000000000e+00
9.5581235052e-01 1.3320873157e-02 2.9367550960e-01
-6.1784719900e-02 9.8576348924e-01 1.5637452375e-01
-2.8741154985e-01 -1.6760936020e-01 9.4302794412e-01
6.9948333060e-01 3.9957194630e-01 9.2861501912e-01
5.3200000000e+02 0.0000000000e+00 0.0000000000e+00
9.5528870430e-01 1.3740625373e-02 2.9535518727e-01
-6.0262143833e-02 9.8700034094e-01 1.4899262065e-01
-2.8946841875e-01 -1.6012970431e-01 9.4369831638e-01
7.2050940085e-01 3.6813386293e-01 9.4004379804e-01
5.3200000000e+02 0.0000000000e+00 0.0000000000e+00
9.5636244804e-01 1.1602834036e-02 2.9195246570e-01
-5.0808013975e-02 9.9059214863e-01 1.2706589149e-01
-2.8773149584e-01 -1.3635457201e-01 9.4795464923e-01
7.4344834437e-01 2.9682473801e-01 9.7549522050e-01
5.3200000000e+02 0.0000000000e+00 0.0000000000e+00
9.6084286763e-01 9.6377985707e-03 2.7692615725e-01
-3.5195518460e-02 9.9554528867e-01 8.7469158437e-02
-2.7484952103e-01 -9.3790676701e-02 9.5690179734e-01
7.4886147790e-01 2.4204445580e-01 1.0122719598e+00
5.3200000000e+02 0.0000000000e+00 0.0000000000e+00
9.6257568977e-01 7.3627010964e-03 2.7091296039e-01
-1.8234716043e-02 9.9912513695e-01 3.7635831881e-02
-2.7039884727e-01 -4.1167357738e-02 9.6186782463e-01
7.6308796714e-01 1.6753191756e-01 1.0389837991e+00
5.3200000000e+02 0.0000000000e+00 0.0000000000e+00
9.5888928697e-01 2.9717809092e-03 2.8376487423e-01
-9.6079795069e-03 9.9971186102e-01 2.1997310317e-02
-2.8361773932e-01 -2.3819392302e-02 9.5864154641e-01
8.0805988042e-01 1.0767426450e-01 1.0137766859e+00
5.3200000000e+02 0.0000000000e+00 0.0000000000e+00
9.5712268629e-01 -2.2883254819e-02 2.8877763078e-01
1.7269981123e-02 9.9960942809e-01 2.1971322778e-02
-2.8916761773e-01 -1.6042067246e-02 9.5714405443e-01
8.4468445342e-01 5.5765289382e-02 9.6680565826e-01
5.3200000000e+02 0.0000000000e+00 0.0000000000e+00
9.5576622056e-01 -3.2343066537e-02 2.9234373207e-01
3.0899612767e-02 9.9947682126e-01 9.5549824223e-03
-2.9249982148e-01 -9.9021321585e-05 9.5626557223e-01
8.7860136354e-01 9.6443553077e-02 9.2645377303e-01
5.3200000000e+02 0.0000000000e+00 0.0000000000e+00
9.5219240790e-01 -4.1591579028e-02 3.0265452067e-01
5.1474196155e-02 9.9836767583e-01 -2.4746535016e-02
-3.0113124291e-01 3.9142360928e-02 9.5277901432e-01
9.0831816803e-01 1.4048048624e-01 9.0053911509e-01
5.3200000000e+02 0.0000000000e+00 0.0000000000e+00
9.4558354511e-01 -2.8184024697e-02 3.2415647452e-01
3.0442603873e-02 9.9953471528e-01 -1.8975841611e-03
-3.2395216791e-01 1.1662491505e-02 9.4600157463e-01
9.5336904123e-01 2.5892093495e-01 8.5911133529e-01
5.3200000000e+02 0.0000000000e+00 0.0000000000e+00
9.4288641495e-01 -5.6814889458e-02 3.2823357055e-01
6.8843293559e-02 9.9731086581e-01 -2.5132406924e-02
-3.2592301151e-01 4.6293685117e-02 9.4426219097e-01
9.6161254199e-01 2.6317200655e-01 8.5098127523e-01
5.3200000000e+02 0.0000000000e+00 0.0000000000e+00
9.4092242311e-01 -1.1832610335e-01 3.1727579005e-01
1.4058799060e-01 9.8889770586e-01 -4.8128414169e-02
-3.0805845320e-01 8.9890269869e-02 9.4711125471e-01
9.4488868154e-01 2.8081290451e-01 8.5813161576e-01
5.3200000000e+02 0.0000000000e+00 0.0000000000e+00
9.5164825705e-01 -1.4295972286e-01 2.7189724621e-01
1.8755504747e-01 9.7138699614e-01 -1.4570658153e-01
-2.4328727674e-01 1.8965711528e-01 9.5123155940e-01
9.0519646605e-01 2.0341216408e-01 8.8236091857e-01
5.3200000000e+02 0.0000000000e+00 0.0000000000e+00
9.5296773845e-01 -1.7187507852e-01 2.4962260885e-01
2.3105622993e-01 9.4502144208e-01 -2.3140331159e-01
-1.9612625544e-01 2.7819674943e-01 9.4028775411e-01
8.5924734817e-01 1.3600955802e-01 8.9734290150e-01
5.3200000000e+02 0.0000000000e+00 0.0000000000e+00
9.4407395305e-01 -2.1346347215e-01 2.5131199181e-01
2.7842419117e-01 9.2438479941e-01 -2.6075412247e-01
-1.7664750478e-01 3.1614251323e-01 9.3212100630e-01
8.6016731976e-01 1.4302464714e-01 8.8077287581e-01
0 0 0
0 0 0
0 0 0
0 0 0
0 0 0
5.3200000000e+02 0.0000000000e+00 0.0000000000e+00
8.5975408609e-01 -3.0022131811e-01 4.1314654979e-01
3.6779373176e-01 9.2524231259e-01 -9.3029209808e-02
-3.5433131718e-01 2.3193495457e-01 9.0590037781e-01
1.0189549723e+00 3.4248655386e-01 8.3420451193e-01
0 0 0
0 0 0
0 0 0
0 0 0
0 0 0
5.3200000000e+02 0.0000000000e+00 0.0000000000e+00
8.2376193931e-01 -3.4655253418e-01 4.4868430818e-01
4.0865244797e-01 9.1151842124e-01 -4.6231423379e-02
-3.9296239529e-01 2.2143962788e-01 8.9249372384e-01
1.0662006383e+00 4.9297062195e-01 8.0889106220e-01
5.3200000000e+02 0.0000000000e+00 0.0000000000e+00
8.0237004732e-01 -3.7576377576e-01 4.6368512160e-01
4.2167152705e-01 9.0673411233e-01 5.1354473930e-03
-4.2236883224e-01 1.9140228413e-01 8.8598517775e-01
1.1130890386e+00 5.8732057109e-01 7.6444307711e-01
5.3200000000e+02 0.0000000000e+00 0.0000000000e+00
7.8725891770e-01 -3.9556782829e-01 4.7302165883e-01
4.3229213133e-01 9.0108972229e-01 3.4070890412e-02
-4.3971230332e-01 1.7766092875e-01 8.8039177910e-01
1.1472901281e+00 6.8132031934e-01 7.2777108774e-01
5.3200000000e+02 0.0000000000e+00 0.0000000000e+00
7.6346633597e-01 -4.1809197781e-01 4.9225831830e-01
4.4918483438e-01 8.9139290414e-01 6.0429090816e-02
-4.6406049003e-01 1.7497939463e-01 8.6834905024e-01
1.1883303449e+00 7.4846929167e-01 6.8567076235e-01
5.3200000000e+02 0.0000000000e+00 0.0000000000e+00
7.4666808334e-01 -4.2539165349e-01 5.1139878223e-01
4.4358841553e-01 8.9131368677e-01 9.3750889995e-02
-4.9569758011e-01 1.5684977817e-01 8.5421429171e-01
1.2107033032e+00 8.0478232307e-01 6.4084279006e-01
5.3200000000e+02 0.0000000000e+00 0.0000000000e+00
7.1017911894e-01 -4.4278946457e-01 5.4734185760e-01
4.5292569041e-01 8.8255704829e-01 1.2629875486e-01
-5.3898417229e-01 1.5821045029e-01 8.2732431092e-01
1.2218355125e+00 8.3569543135e-01 5.8434603108e-01
5.3200000000e+02 0.0000000000e+00 0.0000000000e+00
6.6919348103e-01 -4.6766636219e-01 5.7746710609e-01
4.7520743255e-01 8.6677255047e-01 1.5127207871e-01
-5.7127749912e-01 1.7318637193e-01 8.0227707158e-01
1.2137792541e+00 8.8201484834e-01 5.3299052218e-01
5.3200000000e+02 0.0000000000e+00 0.0000000000e+00
6.4229039588e-01 -4.8201497287e-01 5.9592332836e-01
4.9892365821e-01 8.5315293428e-01 1.5233270826e-01
-5.8184038244e-01 1.9947841151e-01 7.8846060948e-01
1.2128040249e+00 9.0818984846e-01 5.0800082976e-01
5.3200000000e+02 0.0000000000e+00 0.0000000000e+00
6.1795802527e-01 -4.9977688570e-01 6.0691922323e-01
5.2157461809e-01 8.3822394096e-01 1.5918713069e-01
-5.8829227156e-01 2.1818269714e-01 7.7865814957e-01
1.2234164773e+00 9.5005881895e-01 4.7187698981e-01
5.3200000000e+02 0.0000000000e+00 0.0000000000e+00
6.0901437534e-01 -5.0471172710e-01 6.1185583527e-01
5.2619911762e-01 8.3430774051e-01 1.6445389245e-01
-5.9347786753e-01 2.2180321605e-01 7.7368427288e-01
1.2978169255e+00 9.9057955579e-01 4.3347781253e-01
0 0 0
0 0 0
0 0 0
0 0 0
0 0 0
5.3200000000e+02 0.0000000000e+00 0.0000000000e+00
5.7043326525e-01 -5.3717900439e-01 6.2132488051e-01
4.4781816961e-01 8.3755485430e-01 3.1298682562e-01
-6.8852362114e-01 9.9702473806e-02 7.1832766886e-01
1.4222117021e+00 1.1470293252e+00 2.5771738054e-01
5.3200000000e+02 0.0000000000e+00 0.0000000000e+00
5.5190283784e-01 -5.5640126041e-01 6.2114482611e-01
4.1715142111e-01 8.2917342264e-01 3.7209693234e-01
-7.2207198356e-01 5.3750094014e-02 6.8972674150e-01
1.4614103943e+00 1.2057330073e+00 1.6268048411e-01
5.3200000000e+02 0.0000000000e+00 0.0000000000e+00
5.3065323561e-01 -5.7052437345e-01 6.2682460293e-01
4.1112464038e-01 8.1997133567e-01 3.9827570696e-01
-7.4120420507e-01 4.6356746903e-02 6.6967707024e-01
1.5120516353e+00 1.2627205317e+00 9.6534243056e-02
5.3200000000e+02 0.0000000000e+00 0.0000000000e+00
5.2018229597e-01 -5.7821755616e-01 6.2854978857e-01
4.1112843884e-01 8.1460775560e-01 4.0913031091e-01
-7.4858786107e-01 4.5592348827e-02 6.6146621379e-01
1.5816702200e+00 1.3081557139e+00 6.6903751870e-02
5.3200000000e+02 0.0000000000e+00 0.0000000000e+00
5.0447274829e-01 -5.9121803236e-01 6.2926026765e-01
4.2421405852e-01 8.0448059318e-01 4.1575642840e-01
-7.5203037092e-01 5.7203263951e-02 6.5664153676e-01
1.6350156561e+00 1.3714509631e+00 5.5723552523e-02
5.3200000000e+02 0.0000000000e+00 0.0000000000e+00
4.8913149815e-01 -5.9415790963e-01 6.3853485100e-01
4.4465119254e-01 7.9967657049e-01 4.0348816535e-01
-7.5035704467e-01 8.6566512168e-02 6.5534002204e-01
1.6885281185e+00 1.4149396912e+00 4.8535800043e-02
5.3200000000e+02 0.0000000000e+00 0.0000000000e+00
4.5568941192e-01 -6.0180328983e-01 6.5588105646e-01
4.6808709908e-01 7.8873438257e-01 3.9848781842e-01
-7.5712722019e-01 1.2542278143e-01 6.4111426310e-01
1.7171549233e+00 1.4475146634e+00 1.3195701407e-02
5.3200000000e+02 0.0000000000e+00 0.0000000000e+00
4.0951648626e-01 -6.1304793718e-01 6.7562450681e-01
5.0347468502e-01 7.6945066256e-01 3.9301261993e-01
-7.6079530034e-01 1.7921468860e-01 6.2375684875e-01
1.7099707887e+00 1.4923355326e+00 -3.1565879298e-02
5.3200000000e+02 0.0000000000e+00 0.0000000000e+00
3.6161849041e-01 -6.2721840002e-01 6.8980370111e-01
5.2113861806e-01 7.4948011366e-01 4.0828188791e-01
-7.7307606881e-01 2.1184106756e-01 5.9789359750e-01
1.6932220152e+00 1.5312909702e+00 -9.7093208832e-02
5.3200000000e+02 0.0000000000e+00 0.0000000000e+00
3.4956234621e-01 -6.2308772343e-01 6.9969125693e-01
5.1827372485e-01 7.5073678447e-01 4.0961765901e-01
-7.8051169898e-01 2.1944468404e-01 5.8535930710e-01
1.7610425255e+00 1.5125767125e+00 -1.2902982869e-01
5.3200000000e+02 0.0000000000e+00 0.0000000000e+00
3.1212516579e-01 -6.3809556142e-01 7.0385505282e-01
5.3230141608e-01 7.3111621011e-01 4.2676022514e-01
-7.8691364413e-01 2.4146043530e-01 5.6785893923e-01
1.7395597637e+00 1.5381147093e+00 -1.6173186495e-01
5.3200000000e+02 0.0000000000e+00 0.0000000000e+00
2.8315156173e-01 -6.5230517698e-01 7.0308118249e-01
5.4418287583e-01 7.1292131939e-01 4.4227614678e-01
-7.8974058446e-01 2.5737355815e-01 5.5683809210e-01
1.7299850581e+00 1.5759582752e+00 -1.7824529003e-01
0 0 0
0 0 0
0 0 0
0 0 0
0 0 0
0 0 0
0 0 0
0 0 0
0 0 0
0 0 0
0 0 0
0 0 0
0 0 0
0 0 0
0 0 0
0 0 0
0 0 0
0 0 0
0 0 0
0 0 0
0 0 0
0 0 0
0 0 0
0 0 0
0 0 0
0 0 0
0 0 0
0 0 0
0 0 0
0 0 0
5.3200000000e+02 0.0000000000e+00 0.0000000000e+00
9.1429905306e-01 -2.6271473683e-01 3.0828267649e-01
9.4463085266e-02 8.7843405518e-01 4.6843391873e-01
-3.9387049533e-01 -3.9916735556e-01 8.2796826942e-01
1.9754054796e+00 1.2773969620e+00 4.6067234097e-01
5.3200000000e+02 0.0000000000e+00 0.0000000000e+00
9.1314938903e-01 -2.7668266217e-01 2.9934077199e-01
1.2440082954e-01 8.8847785902e-01 4.4173694395e-01
-3.8817860184e-01 -3.6613358013e-01 8.4573256682e-01
1.9520405657e+00 1.2905194245e+00 5.1188256386e-01
5.3200000000e+02 0.0000000000e+00 0.0000000000e+00
9.0792664815e-01 -3.0343177134e-01 2.8913381284e-01
1.5871063969e-01 8.8737191988e-01 4.3287643578e-01
-3.8791769028e-01 -3.4713143901e-01 8.5382646341e-01
1.9142516116e+00 1.3356132682e+00 5.3301536495e-01
5.3200000000e+02 0.0000000000e+00 0.0000000000e+00
9.0837667702e-01 -3.0460326349e-01 2.8647628964e-01
1.6788619806e-01 8.9312782082e-01 4.1729716053e-01
-3.8297002122e-01 -3.3096759291e-01 8.6243516585e-01
1.9085752005e+00 1.3294112404e+00 5.6196300048e-01
5.3200000000e+02 0.0000000000e+00 0.0000000000e+00
9.0590198690e-01 -2.9381106194e-01 3.0498631119e-01
1.5073573579e-01 8.9672248162e-01 4.1613402759e-01
-3.9575286238e-01 -3.3100430638e-01 8.5663050440e-01
1.9278674573e+00 1.2973920673e+00 5.3955517889e-01
5.3200000000e+02 0.0000000000e+00 0.0000000000e+00
8.8897793609e-01 -3.1250834439e-01 3.3474880707e-01
1.5508933092e-01 8.9322464891e-01 4.2201543339e-01
-4.3088923006e-01 -3.2324644046e-01 8.4252371489e-01
1.9831202054e+00 1.2637519643e+00 5.1653491937e-01
5.3200000000e+02 0.0000000000e+00 0.0000000000e+00
8.7565203319e-01 -3.1862713539e-01 3.6291908927e-01
1.3790765014e-01 8.8515709004e-01 4.4438542503e-01
-4.6283365996e-01 -3.3907768215e-01 8.1903072511e-01
2.0452853031e+00 1.2576487314e+00 4.6670873788e-01
5.3200000000e+02 0.0000000000e+00 0.0000000000e+00
8.4053044235e-01 -3.8320916870e-01 3.8296123631e-01
1.7084915703e-01 8.5829956189e-01 4.8387232572e-01
-5.1411977304e-01 -3.4128081558e-01 7.8689787386e-01
2.0259496419e+00 1.3160988122e+00 4.1782812306e-01
0 0 0
0 0 0
0 0 0
0 0 0
0 0 0
0 0 0
0 0 0
0 0 0
0 0 0
0 0 0
5.3200000000e+02 0.0000000000e+00 0.0000000000e+00
6.6108512929e-01 -5.7760193064e-01 4.7889713046e-01
2.1626782721e-01 7.5786454979e-01 6.1552380221e-01
-7.1846689468e-01 -3.0334359051e-01 6.2592969841e-01
1.8562650708e+00 1.4266063491e+00 9.8744371060e-02
0 0 0
0 0 0
0 0 0
0 0 0
0 0 0
0 0 0
0 0 0
0 0 0
0 0 0
0 0 0
5.3200000000e+02 0.0000000000e+00 0.0000000000e+00
5.6683413548e-01 -6.3269824214e-01 5.2762865468e-01
2.6200329125e-01 7.4565110955e-01 6.1266524156e-01
-7.8105911315e-01 -2.0903912846e-01 5.8842952386e-01
1.8881204796e+00 1.4726041063e+00 1.5607794128e-02
5.3200000000e+02 0.0000000000e+00 0.0000000000e+00
5.6480808282e-01 -6.4820544060e-01 5.1070689867e-01
2.6165985667e-01 7.2761014503e-01 6.3412742904e-01
-7.8264037015e-01 -2.2452880356e-01 5.8056943373e-01
1.9129711914e+00 1.4966251394e+00 8.1626899575e-03
5.3200000000e+02 0.0000000000e+00 0.0000000000e+00
5.6694626048e-01 -6.4881255937e-01 5.0755709092e-01
3.0266048495e-01 7.3712205912e-01 6.0419177486e-01
-7.6613873977e-01 -1.8892679209e-01 6.1427851880e-01
1.9382841822e+00 1.5020774612e+00 1.1053695264e-01
5.3200000000e+02 0.0000000000e+00 0.0000000000e+00
5.5828285357e-01 -6.6344828260e-01 4.9815322112e-01
3.6628875994e-01 7.3585337751e-01 5.6951940366e-01
-7.4441440055e-01 -1.3548499222e-01 6.5382797213e-01
1.9348263340e+00 1.5308059280e+00 2.2719689644e-01
0 0 0
0 0 0
0 0 0
0 0 0
0 0 0
0 0 0
0 0 0
0 0 0
0 0 0
0 0 0
5.3200000000e+02 0.0000000000e+00 0.0000000000e+00
2.2941121636e-01 -7.0140175295e-01 6.7483781368e-01
3.7191702833e-01 7.0388729226e-01 6.0516146922e-01
-8.9947107671e-01 1.1215284552e-01 4.2234289552e-01
1.8040253705e+00 1.4712995375e+00 -3.3182245308e-01
5.3200000000e+02 0.0000000000e+00 0.0000000000e+00
1.9592247494e-01 -7.1775349050e-01 6.6816488287e-01
3.6711168409e-01 6.8550687092e-01 6.2873630508e-01
-9.0930929569e-01 1.2210756242e-01 3.9780189539e-01
1.7431420144e+00 1.4758302033e+00 -3.7805388889e-01
5.3200000000e+02 0.0000000000e+00 0.0000000000e+00
1.4839708270e-01 -7.4843852392e-01 6.4638849136e-01
3.8114803704e-01 6.4641434287e-01 6.6096495459e-01
-9.1252642685e-01 1.4828443362e-01 3.8119187693e-01
1.6743513718e+00 1.5299964923e+00 -4.2985114938e-01
5.3200000000e+02 0.0000000000e+00 0.0000000000e+00
9.3557994348e-02 -7.6840533313e-01 6.3308778674e-01
4.0516232661e-01 6.1022727189e-01 6.8078349402e-01
-9.0944510048e-01 1.9281058234e-01 3.6842053221e-01
1.6167253427e+00 1.5831315281e+00 -4.6507492645e-01
5.3200000000e+02 0.0000000000e+00 0.0000000000e+00
6.8529926616e-02 -7.8077805521e-01 6.2103886969e-01
4.4540677915e-01 5.8096313530e-01 6.8124491669e-01
-8.9270177005e-01 2.2992925852e-01 3.8757719983e-01
1.6027482850e+00 1.6358235830e+00 -4.1063308212e-01
5.3200000000e+02 0.0000000000e+00 0.0000000000e+00
4.3385885489e-02 -7.8733341618e-01 6.1499898920e-01
4.8771406118e-01 5.5393539446e-01 6.7475223104e-01
-8.7192468681e-01 2.7066893162e-01 4.0802655550e-01
1.5916570789e+00 1.6865279832e+00 -3.6209329697e-01
5.3200000000e+02 0.0000000000e+00 0.0000000000e+00
6.9298090769e-03 -7.9509813577e-01 6.0644120263e-01
5.1783572185e-01 5.2165960933e-01 6.7802464348e-01
-8.5545201088e-01 3.0933833659e-01 4.1534521857e-01
1.5673823358e+00 1.7279018869e+00 -3.4453422748e-01
5.3200000000e+02 0.0000000000e+00 0.0000000000e+00
-6.4157938840e-02 -7.9839955384e-01 5.9870018482e-01
5.0955594188e-01 4.8962413876e-01 7.0754571926e-01
-8.5804224894e-01 3.5046591157e-01 3.7541596111e-01
1.4903730877e+00 1.7677537011e+00 -4.3814729742e-01
5.3200000000e+02 0.0000000000e+00 0.0000000000e+00
-1.4454210569e-01 -7.9684249607e-01 5.8664266478e-01
4.8879967097e-01 4.5798102292e-01 7.4251482430e-01
-8.6033857367e-01 3.9407539773e-01 3.2329880848e-01
1.3952873618e+00 1.8039890484e+00 -5.7381857412e-01
5.3200000000e+02 0.0000000000e+00 0.0000000000e+00
-2.1067459488e-01 -7.9042394815e-01 5.7519231329e-01
4.6851891852e-01 4.3477372430e-01 7.6906555745e-01
-8.5796633854e-01 4.3151105531e-01 2.7873279513e-01
1.3215981718e+00 1.8245941424e+00 -6.9109352598e-01
5.3200000000e+02 0.0000000000e+00 0.0000000000e+00
-3.1541719142e-01 -7.5223941118e-01 5.7848756565e-01
4.3288704168e-01 4.2842472959e-01 7.9313369631e-01
-8.4446480359e-01 5.0058777386e-01 1.9050216840e-01
1.1811145734e+00 1.8236653246e+00 -9.1413299696e-01
5.3200000000e+02 0.0000000000e+00 0.0000000000e+00
-3.8822461936e-01 -7.3768587227e-01 5.5235966432e-01
4.0192185202e-01 4.0383188452e-01 8.2181423322e-01
-8.2930119365e-01 5.4105393714e-01 1.3971459234e-01
1.0466249685e+00 1.8358675333e+00 -1.0409617148e+00
5.3200000000e+02 0.0000000000e+00 0.0000000000e+00
-3.9836372441e-01 -7.6236298115e-01 5.1000885095e-01
3.8831375757e-01 3.6357075064e-01 8.4677549265e-01
-8.3097458972e-01 5.3536809230e-01 1.5120263553e-01
9.9118265443e-01 1.8923479118e+00 -1.0028093371e+00
5.3200000000e+02 0.0000000000e+00 0.0000000000e+00
-4.1616503057e-01 -7.6595597447e-01 4.9001848179e-01
3.3475783755e-01 3.7199170359e-01 8.6577096432e-01
-8.4542525248e-01 5.2434112716e-01 1.0159982698e-01
9.3741735090e-01 1.8649445516e+00 -1.1254009246e+00
5.3200000000e+02 0.0000000000e+00 0.0000000000e+00
-4.1127708616e-01 -7.6994113888e-01 4.8789527674e-01
3.3778490060e-01 3.6841195767e-01 8.6612585135e-01
-8.4661237844e-01 5.2102137394e-01 1.0855509460e-01
9.6987975082e-01 1.8993984299e+00 -1.0907965846e+00
5.3200000000e+02 0.0000000000e+00 0.0000000000e+00
-4.0749046644e-01 -7.8223037948e-01 4.7124001653e-01
3.4014864250e-01 3.4888290617e-01 8.7325804822e-01
-8.4749656092e-01 5.1613598130e-01 1.2390814353e-01
9.8801061192e-01 1.9352039633e+00 -1.0364536425e+00
5.3200000000e+02 0.0000000000e+00 0.0000000000e+00
-4.1008104018e-01 -8.0181479688e-01 4.3465684394e-01
3.1520054579e-01 3.2261384172e-01 8.9250710085e-01
-8.5585171403e-01 5.0300431473e-01 1.2043464181e-01
9.6580098393e-01 1.9525064244e+00 -1.0332299270e+00
5.3200000000e+02 0.0000000000e+00 0.0000000000e+00
-4.2288449470e-01 -8.1056504895e-01 4.0515800074e-01
2.9677123732e-01 2.9856769647e-01 9.0707450814e-01
-8.5620998408e-01 5.0382698622e-01 1.1429274305e-01
9.2648542190e-01 1.9786713588e+00 -1.0288041379e+00
0 0 0
0 0 0
0 0 0
0 0 0
0 0 0
5.3200000000e+02 0.0000000000e+00 0.0000000000e+00
-4.6080742077e-01 -8.2358630074e-01 3.3069944995e-01
4.0204610189e-02 3.5286480570e-01 9.3481015090e-01
-8.8658903122e-01 4.4406309702e-01 -1.2949075482e-01
8.0526639339e-01 1.6022726879e+00 -1.5858058152e+00
5.3200000000e+02 0.0000000000e+00 0.0000000000e+00
-4.5155658434e-01 -8.4267324957e-01 2.9325491572e-01
-5.5272698990e-02 3.5445950652e-01 9.3343633258e-01
-8.9052882036e-01 4.0529033136e-01 -2.0663534892e-01
7.4554240770e-01 1.5045680330e+00 -1.6992303817e+00
5.3200000000e+02 0.0000000000e+00 0.0000000000e+00
-4.7683124479e-01 -8.2930238276e-01 2.9135806481e-01
-9.2191050805e-02 3.7682303736e-01 9.2168606839e-01
-8.7414688362e-01 4.1262810914e-01 -2.5613525607e-01
7.4624884172e-01 1.3879208653e+00 -1.8449808271e+00
0 0 0
0 0 0
0 0 0
0 0 0
0 0 0
0 0 0
0 0 0
0 0 0
0 0 0
0 0 0
5.3200000000e+02 0.0000000000e+00 0.0000000000e+00
-5.0149889677e-01 -8.1262544883e-01 2.9688168763e-01
3.0986755140e-01 1.5167620014e-01 9.3860344710e-01
-8.0776293374e-01 5.6270259483e-01 1.7574081099e-01
7.1763265469e-01 2.1353839380e+00 -8.6290659729e-01
5.3200000000e+02 0.0000000000e+00 0.0000000000e+00
-5.1797241657e-01 -8.0152149901e-01 2.9877727874e-01
3.5381573666e-01 1.1725151244e-01 9.2793669359e-01
-7.7879329746e-01 5.8635771458e-01 2.2285787038e-01
6.9915124749e-01 2.1885725930e+00 -7.6303720929e-01
5.3200000000e+02 0.0000000000e+00 0.0000000000e+00
-4.9154176151e-01 -8.2143662730e-01 2.8918603705e-01
3.6939828080e-01 1.0404672320e-01 9.2342795579e-01
-7.8862640511e-01 5.6072822893e-01 2.5229396831e-01
7.2615994515e-01 2.2134991741e+00 -7.0613225114e-01
5.3200000000e+02 0.0000000000e+00 0.0000000000e+00
-4.8166576699e-01 -8.3602235622e-01 2.6280165298e-01
3.3784821179e-01 9.9556573618e-02 9.3592044237e-01
-8.0861404558e-01 5.3958790623e-01 2.3449566468e-01
7.1834298520e-01 2.2002978491e+00 -7.6794417227e-01
5.3200000000e+02 0.0000000000e+00 0.0000000000e+00
-4.4990649042e-01 -8.6234803654e-01 2.3224989504e-01
3.2225171993e-01 8.5780518353e-02 9.4275953014e-01
-8.3290934614e-01 4.9899655965e-01 2.3929992599e-01
7.4368126620e-01 2.1950995065e+00 -7.6109099388e-01
5.3200000000e+02 0.0000000000e+00 0.0000000000e+00
-4.3903992070e-01 -8.7986167272e-01 1.8189938125e-01
3.4162676946e-01 2.3768581249e-02 9.3953510043e-01
-8.3098441527e-01 4.7463511397e-01 2.9014894480e-01
6.9214297077e-01 2.2347717373e+00 -6.4081371366e-01
5.3200000000e+02 0.0000000000e+00 0.0000000000e+00
-4.2779104140e-01 -8.9197582387e-01 1.4619833969e-01
2.7285040381e-01 2.6764917601e-02 9.6168409383e-01
-8.6171194841e-01 4.5129011602e-01 2.3192617176e-01
6.6737923191e-01 2.2032899973e+00 -7.9806883909e-01
5.3200000000e+02 0.0000000000e+00 0.0000000000e+00
-4.4651303245e-01 -8.8974644057e-01 9.4749054550e-02
2.2427655236e-01 -8.7786542510e-03 9.7448599954e-01
-8.6621368029e-01 4.5637069003e-01 2.0346904770e-01
5.6348443074e-01 2.1749304500e+00 -8.6971876422e-01
5.3200000000e+02 0.0000000000e+00 0.0000000000e+00
-4.6234685668e-01 -8.8542459789e-01 4.7525420286e-02
1.5631380758e-01 -2.8630004853e-02 9.8729241686e-01
-8.7281233818e-01 4.6390042496e-01 1.5164108297e-01
4.8057244437e-01 2.1283362707e+00 -9.9825592415e-01
0 0 0
0 0 0
0 0 0
0 0 0
0 0 0
0 0 0
0 0 0
0 0 0
0 0 0
0 0 0
5.3200000000e+02 0.0000000000e+00 0.0000000000e+00
-5.3981566770e-01 -8.3967131313e-01 -5.9591365297e-02
-4.1835462721e-02 -4.3943552953e-02 9.9815768204e-01
-8.4074302790e-01 5.4131418794e-01 -1.1406619540e-02
2.9417700742e-01 1.7741214056e+00 -1.4468162522e+00
5.3200000000e+02 0.0000000000e+00 0.0000000000e+00
-5.5261264565e-01 -8.3324446639e-01 -1.7970061082e-02
-1.2482420818e-03 -2.0733878704e-02 9.9978425081e-01
-8.3343728364e-01 5.5251585091e-01 1.0417712758e-02
3.4597317937e-01 1.8334970215e+00 -1.3762610842e+00
5.3200000000e+02 0.0000000000e+00 0.0000000000e+00
-5.7207304534e-01 -8.2019426518e-01 3.7145876287e-03
9.4673744028e-02 -6.1533550152e-02 9.9360480293e-01
-8.1472038945e-01 5.6876619939e-01 1.1285254734e-01
3.1945260537e-01 2.0097280101e+00 -1.1035882825e+00
0 0 0
0 0 0
0 0 0
0 0 0
0 0 0
5.3200000000e+02 0.0000000000e+00 0.0000000000e+00
-6.1816048907e-01 -7.7957918037e-01 1.0066732978e-01
2.5430235591e-01 -7.7159769958e-02 9.6404184644e-01
-7.4377948447e-01 6.2153251841e-01 2.4594594332e-01
3.6775435613e-01 2.1898195631e+00 -7.8049219737e-01
5.3200000000e+02 0.0000000000e+00 0.0000000000e+00
-6.8865843169e-01 -7.1694475946e-01 1.0835024847e-01
2.6142449819e-01 -1.0612247949e-01 9.5937232141e-01
-6.7631856118e-01 6.8900524761e-01 2.6050906426e-01
2.4782522208e-01 2.2018520741e+00 -7.4058948171e-01
0 0 0
0 0 0
0 0 0
0 0 0
0 0 0
0 0 0
0 0 0
0 0 0
0 0 0
0 0 0
5.3200000000e+02 0.0000000000e+00 0.0000000000e+00
-8.0108653711e-01 -5.9415754340e-01 7.2368319629e-02
1.4971524983e-01 -8.1843209739e-02 9.8533600005e-01
-5.7952196165e-01 8.0017404522e-01 1.5451793852e-01
-4.8132339579e-02 2.0538050664e+00 -9.9930307077e-01
0 0 0
0 0 0
0 0 0
0 0 0
0 0 0
5.3200000000e+02 0.0000000000e+00 0.0000000000e+00
-7.8300806560e-01 -6.1622461210e-01 8.4649847260e-02
1.7555274317e-01 -8.8377602314e-02 9.8049509625e-01
-5.9672405982e-01 7.8259608155e-01 1.7738029649e-01
8.4409617132e-02 2.0734103973e+00 -9.7203042422e-01
5.3200000000e+02 0.0000000000e+00 0.0000000000e+00
-8.0293778118e-01 -5.8904105406e-01 9.1222564016e-02
1.9719494928e-01 -1.1808176987e-01 9.7322702778e-01
-5.6249895248e-01 7.9942937915e-01 2.1096823508e-01
6.6716352291e-02 2.1093815610e+00 -8.9401924781e-01
0 0 0
0 0 0
0 0 0
0 0 0
0 0 0
0 0 0
0 0 0
0 0 0
0 0 0
0 0 0
0 0 0
0 0 0
0 0 0
0 0 0
0 0 0
0 0 0
0 0 0
0 0 0
0 0 0
0 0 0
0 0 0
0 0 0
0 0 0
0 0 0
0 0 0
0 0 0
0 0 0
0 0 0
0 0 0
0 0 0
0 0 0
0 0 0
0 0 0
0 0 0
0 0 0
0 0 0
0 0 0
0 0 0
0 0 0
0 0 0
0 0 0
0 0 0
0 0 0
0 0 0
0 0 0
0 0 0
0 0 0
0 0 0
0 0 0
0 0 0
0 0 0
0 0 0
0 0 0
0 0 0
0 0 0
0 0 0
0 0 0
0 0 0
0 0 0
0 0 0
0 0 0
0 0 0
0 0 0
0 0 0
0 0 0
0 0 0
0 0 0
0 0 0
0 0 0
0 0 0
0 0 0
0 0 0
0 0 0
0 0 0
0 0 0
0 0 0
0 0 0
0 0 0
0 0 0
0 0 0
0 0 0
0 0 0
0 0 0
0 0 0
0 0 0
0 0 0
0 0 0
0 0 0
0 0 0
0 0 0
0 0 0
0 0 0
0 0 0
0 0 0
0 0 0
0 0 0
0 0 0
0 0 0
0 0 0
0 0 0
0 0 0
0 0 0
0 0 0
0 0 0
0 0 0
0 0 0
0 0 0
0 0 0
0 0 0
0 0 0
0 0 0
0 0 0
0 0 0
0 0 0
0 0 0
0 0 0
0 0 0
0 0 0
0 0 0
0 0 0
0 0 0
0 0 0
0 0 0
0 0 0
0 0 0
0 0 0
0 0 0
0 0 0
0 0 0
0 0 0
0 0 0
0 0 0
0 0 0
0 0 0
0 0 0
0 0 0
0 0 0
0 0 0
0 0 0
0 0 0
0 0 0
0 0 0
0 0 0
0 0 0
0 0 0
0 0 0
0 0 0
0 0 0
0 0 0
0 0 0
0 0 0
0 0 0
0 0 0
0 0 0
0 0 0
0 0 0
0 0 0
0 0 0
0 0 0
0 0 0
0 0 0
0 0 0
0 0 0
0 0 0
0 0 0
0 0 0
0 0 0
0 0 0
0 0 0
0 0 0
0 0 0
0 0 0
0 0 0
0 0 0
0 0 0
0 0 0
0 0 0
0 0 0
0 0 0
0 0 0
0 0 0
0 0 0
0 0 0
0 0 0
0 0 0
0 0 0
0 0 0
0 0 0
0 0 0
0 0 0
0 0 0
0 0 0
0 0 0
0 0 0
0 0 0
0 0 0
0 0 0
0 0 0
0 0 0
0 0 0
0 0 0
0 0 0
0 0 0
0 0 0
0 0 0
0 0 0
0 0 0
0 0 0
0 0 0
0 0 0
0 0 0
0 0 0
0 0 0
0 0 0
0 0 0
0 0 0
0 0 0
0 0 0
0 0 0
0 0 0
0 0 0
0 0 0
0 0 0
0 0 0
0 0 0
0 0 0
0 0 0
0 0 0
0 0 0
0 0 0
0 0 0
0 0 0
0 0 0
0 0 0
0 0 0
0 0 0
0 0 0
0 0 0
0 0 0
0 0 0
0 0 0
0 0 0
0 0 0
0 0 0
0 0 0
0 0 0
0 0 0
0 0 0
0 0 0
0 0 0
0 0 0
0 0 0
0 0 0
0 0 0
0 0 0
0 0 0
0 0 0
0 0 0
0 0 0
0 0 0
0 0 0
0 0 0
0 0 0
0 0 0
0 0 0
0 0 0
0 0 0
0 0 0
0 0 0
0 0 0
0 0 0
0 0 0
0 0 0
0 0 0
0 0 0
0 0 0
0 0 0
0 0 0
0 0 0
0 0 0
0 0 0
0 0 0
0 0 0
0 0 0
0 0 0
0 0 0
0 0 0
0 0 0
0 0 0
0 0 0
0 0 0
0 0 0
0 0 0
0 0 0
0 0 0
0 0 0
0 0 0
0 0 0
0 0 0
0 0 0
0 0 0
0 0 0
0 0 0
0 0 0
0 0 0
0 0 0
0 0 0
0 0 0
0 0 0
0 0 0
0 0 0
0 0 0
0 0 0
0 0 0
0 0 0
0 0 0
0 0 0
0 0 0
0 0 0
0 0 0
0 0 0
0 0 0
0 0 0
0 0 0
0 0 0
0 0 0
0 0 0
0 0 0
0 0 0
0 0 0
0 0 0
0 0 0
0 0 0
0 0 0
0 0 0
0 0 0
0 0 0
0 0 0
0 0 0
0 0 0
0 0 0
0 0 0
0 0 0
0 0 0
0 0 0
0 0 0
0 0 0
0 0 0
0 0 0
0 0 0
0 0 0
0 0 0
0 0 0
0 0 0
0 0 0
0 0 0
0 0 0
0 0 0
0 0 0
0 0 0
0 0 0
0 0 0
0 0 0
0 0 0
0 0 0
0 0 0
0 0 0
0 0 0
0 0 0
0 0 0
0 0 0
0 0 0
0 0 0
0 0 0
0 0 0
0 0 0
0 0 0
0 0 0
0 0 0
0 0 0
0 0 0
0 0 0
0 0 0
0 0 0
0 0 0
0 0 0
0 0 0
0 0 0
0 0 0
0 0 0
1.5305406381e-01 -4.8222145263e-01 -1.6953092784e+00
8 10 5
19 5 19 242.2500 -255.2000 14 34 394.2300 -338.4000 0 25 208.3700 -221.5900 1 22 205.6700 -228.9700 2 23 201.8700 -234.6600 3 22 212.4800 -241.8100 4 23 225.2900 -250.3400 6 21 258.1100 -257.7700 7 21 274.6300 -258.0400 8 21 279.1899 -268.3300 9 21 285.2600 -294.6100 10 34 304.2000 -311.3600 13 25 391.4800 -329.3900 11 29 340.2800 -350.3400 15 32 395.7400 -354.2500 12 23 371.8900 -341.6200 18 30 375.7400 -137.5700 16 40 392.7900 -284.1800 17 38 384.0000 -197.5000
1.9496455323e-01 -4.0749550765e-01 -1.6686876144e+00
160 135 84
30 5 28 286.1801 -194.1700 14 27 439.8000 -284.4400 0 34 252.5800 -160.5000 1 29 250.2100 -167.7800 2 31 246.3600 -173.3400 3 28 256.3101 -180.1800 4 31 269.6000 -188.6400 6 26 302.1600 -194.3500 7 29 318.3101 -194.1700 8 32 321.2700 -204.8300 9 34 327.8600 -231.9000 10 39 346.4600 -251.4100 13 29 438.8199 -271.0400 11 34 384.9301 -288.9700 15 25 437.7200 -302.7600 12 27 418.3700 -282.1400 19 19 410.9900 -56.0600 22 23 449.2300 119.1400 23 20 448.3000 163.4100 18 20 411.5300 -93.5400 20 19 420.7800 -7.9000 21 27 446.1899 58.1900 16 17 433.4900 -236.2700 17 23 421.7400 -151.3200 27 29 387.5300 178.2600 25 25 392.0500 124.2000 30 25 390.1400 215.0100 31 26 376.6200 211.6100 33 36 305.3500 202.9600 28 24 392.1300 179.2100
1.2600348984e-01 -4.1060075463e-01 -1.6946637723e+00
24 17 9
24 5 49 221.8199 -194.9900 14 37 374.2500 -284.2900 0 49 189.7400 -160.2100 1 44 187.5400 -167.5300 2 48 184.1100 -172.8900 3 48 193.8199 -179.8100 4 54 206.9000 -188.0800 6 53 237.2900 -195.7700 7 55 252.7700 -196.2400 8 40 257.1500 -205.6700 9 56 263.6300 -232.9800 10 60 282.0200 -251.8100 13 40 371.0800 -270.2700 11 44 318.3000 -288.6700 15 35 378.1200 -301.9500 12 39 351.1000 -280.8000 19 29 360.3199 -58.1100 22 30 398.9200 110.1800 23 26 397.7600 151.2800 18 37 359.7100 -94.3700 20 32 370.8900 -12.4700 21 39 396.0300 52.4000 16 44 377.8400 -235.9100 17 43 369.5800 -150.8700
1.6977718387e-03 -5.1679484172e-01 -1.7221139591e+00
26 98 24
21 5 45 121.0300 -285.7200 14 72 273.0200 -382.8500 0 63 87.3101 -247.9300 1 56 85.4800 -255.4100 2 56 81.3600 -260.9800 3 44 90.6500 -268.4600 4 66 102.9399 -277.2900 6 49 137.4700 -288.8500 8 51 156.5500 -300.8000 9 54 162.6600 -328.4100 10 58 179.4301 -348.6300 13 78 263.6300 -371.2000 11 62 211.3500 -390.2100 15 61 282.0900 -396.1700 12 49 241.3300 -382.7200 19 54 284.6000 -139.7000 18 72 279.2500 -175.3300 20 77 300.6801 -96.8900 21 88 328.5800 -33.4200 16 90 287.4900 -323.7000 17 89 284.0200 -234.4800
4.6495040362e-02 -4.9603557742e-01 -1.7093775690e+00
23 93 21
20 5 62 160.7300 -267.7400 14 74 313.0100 -364.1500 0 66 126.8700 -231.5900 1 59 124.3199 -238.5800 2 58 121.0000 -244.1700 3 62 130.5800 -251.3700 4 68 143.5100 -260.2900 6 61 177.0300 -270.2600 7 66 193.7700 -271.4800 8 69 195.8300 -281.9600 9 68 202.5699 -309.5500 10 76 219.5900 -329.6900 13 80 305.1100 -352.1300 11 89 253.4399 -370.7200 12 77 283.5100 -363.5900 19 84 313.7400 -123.3200 18 74 310.4301 -159.8700 20 104 326.9900 -79.3100 16 91 323.0100 -308.4300 17 68 317.8700 -220.3500
2.5902325075e-01 -4.0177756824e-01 -1.6541883472e+00
20 15 12
15 5 66 338.1500 -188.9700 14 91 487.5601 -277.2900 0 70 304.3800 -156.3200 1 62 301.5400 -163.4700 2 61 297.9500 -169.1200 3 65 308.5699 -176.2300 4 72 321.9700 -184.3900 6 92 354.2000 -187.3700 7 71 370.1700 -187.4100 8 73 373.7500 -198.7600 9 69 380.0300 -225.4800 10 77 399.5601 -245.2400 13 82 491.1400 -263.9500 11 65 438.5300 -285.5000 12 81 473.0601 -275.5600
-1.8185607019e-02 -4.8885983596e-01 -1.7196765791e+00
20 88 15
20 5 188 105.3000 -262.5100 14 179 261.5601 -362.1000 0 162 71.9399 -225.2100 1 164 69.9399 -232.2400 2 161 66.6500 -237.9000 3 177 75.9301 -245.0500 4 192 88.7000 -254.1600 6 175 121.6300 -265.6500 7 190 137.8500 -267.3400 8 198 141.1000 -277.6200 9 193 147.7600 -305.0200 10 208 164.8700 -325.2800 13 148 250.7200 -348.1600 11 195 197.3800 -365.9300 15 146 273.2900 -376.4300 12 143 227.8500 -358.7800 19 114 276.2200 -124.7100 20 102 291.6000 -82.3800 16 144 279.9399 -305.9400 17 114 277.2300 -217.9400
1.0194920970e-01 -4.4931101587e-01 -1.6858081778e+00
24 117 23
17 5 193 212.4600 -229.3800 14 187 366.6899 -326.1200 0 166 178.3101 -194.2700 1 169 176.2100 -201.3900 2 164 172.8500 -206.9100 3 182 183.0100 -213.9500 4 197 195.7000 -222.6800 6 179 228.5500 -231.0100 7 195 244.4100 -231.6900 8 208 247.5601 -241.8300 9 200 254.1600 -269.5700 10 213 273.2700 -289.3700 13 195 361.9200 -312.3800 11 199 308.8199 -329.1000 15 151 370.8600 -341.6900 12 176 341.0400 -322.7200 18 146 354.9200 -126.9100
-2.2615827647e-01 -1.2140838379e-01 -1.7830407337e+00
152 87 8
15 5 205 -65.3300 55.1100 14 125 70.4800 -45.2000 0 176 -90.0200 92.2100 1 184 -91.9300 84.5400 2 181 -95.1000 78.5700 3 193 -88.0000 73.2500 4 205 -76.7600 65.2500 6 195 -54.8400 49.5500 7 208 -42.8100 46.8500 8 225 -38.5900 39.0000 9 214 -33.2200 12.1700 10 236 -20.0100 -2.3000 13 155 53.5200 -15.0100 11 154 4.2300 -32.1000 15 161 90.9301 -86.5400
3.0275993687e-01 -7.5032364562e-01 -1.7688397464e+00
29 23 9
3 5 228 305.0100 -449.5400 14 299 423.5000 -483.5500 0 189 264.1400 -412.5200
-7.3023366815e-02 -5.1489523649e-01 -1.7392817941e+00
53 113 44
11 5 266 54.2700 -283.5800 14 173 210.1700 -383.9100 0 204 21.0400 -245.5400 1 162 17.4000 -252.9900 2 157 14.1300 -258.7500 3 243 24.3400 -265.6500 4 260 37.2800 -274.6200 6 239 70.9399 -287.6700 7 245 87.2500 -289.7700 9 262 96.9700 -327.9700 10 271 113.9301 -348.5300
9.3168248965e-02 -4.5771780086e-01 -1.6848955197e+00
191 202 144
12 5 191 206.8101 -237.3900 14 184 361.7400 -334.5800 0 205 172.7800 -202.2900 1 216 170.6100 -209.3200 3 181 177.0200 -221.8500 4 196 190.0601 -230.6900 6 177 222.9500 -239.2500 7 252 239.0000 -240.3000 8 204 242.7200 -250.5300 9 197 249.1600 -278.2500 10 140 268.3800 -298.5000 13 191 356.9600 -321.5200
7.6645423705e-02 -4.5181939588e-01 -1.6928538051e+00
208 220 147
14 5 275 189.8000 -230.9500 14 185 344.9600 -328.4400 0 206 156.1801 -195.5200 1 217 153.9301 -202.6100 2 218 150.5300 -208.1800 3 248 160.4200 -215.1300 4 270 173.6300 -223.7600 6 245 205.7300 -232.8900 7 253 221.8300 -233.8000 8 205 225.6600 -244.1300 9 198 232.1400 -271.8400 10 211 250.6300 -291.8400 13 192 338.7600 -314.4100 11 143 286.6700 -331.9400
7.6335983597e-02 -4.5176062399e-01 -1.6923852348e+00
208 220 147
15 5 277 189.8000 -230.9500 14 186 344.9600 -328.4400 0 208 156.1801 -195.5200 1 219 153.9301 -202.6100 2 220 150.5300 -208.1800 3 249 160.4200 -215.1300 4 271 173.6300 -223.7600 6 247 205.7300 -232.8900 7 255 221.8300 -233.8000 8 207 225.6600 -244.1300 9 199 232.1400 -271.8400 10 212 250.6300 -291.8400 13 194 338.7600 -314.4100 11 144 286.6700 -331.9400 18 104 338.6000 -130.7200
1.0840169124e-01 -4.4168074563e-01 -1.6842357228e+00
218 218 165
14 5 280 217.6899 -222.4600 14 235 372.0699 -319.4000 0 210 183.9301 -187.5300 1 221 181.6500 -194.6600 2 222 178.2400 -200.3600 3 252 188.1899 -207.2300 4 274 201.2700 -215.9400 6 249 233.4000 -223.9400 7 258 249.6801 -224.5700 8 292 253.2200 -235.0200 9 274 259.7300 -262.6200 10 284 278.3400 -282.6700 13 260 367.8300 -305.1500 11 245 314.7400 -322.5700
1.0144945761e-01 -4.3587150893e-01 -1.6887862919e+00
16 89 11
11 5 282 210.2600 -216.4900 14 191 362.5900 -312.4400 0 212 177.0500 -181.5900 3 385 181.5900 -200.8000 4 423 193.9301 -209.6200 7 260 242.1500 -218.8300 8 293 244.8900 -229.6500 9 276 251.6100 -256.8100 10 285 269.6400 -276.1800 13 199 358.1300 -298.7000 19 155 353.8800 -83.1500
-1.4668147089e-01 -8.2606785577e-02 -1.7589663947e+00
112 65 40
15 5 337 1.9000 82.2200 14 276 138.5699 -13.1400 0 248 -22.8400 118.0900 1 258 -24.8600 110.2400 2 257 -28.1800 104.2400 3 312 -20.5500 98.9900 4 336 -8.9000 91.1000 6 295 12.1800 77.7600 7 320 24.2300 75.6100 8 342 28.6000 68.4200 9 320 33.6100 42.0500 10 341 48.1700 27.2400 13 319 125.0000 17.1600 11 272 73.7400 -0.1700 15 289 155.2600 -55.1100
5.9350743981e-01 -5.9660555818e-01 -1.5305839363e+00
22 14 0
14 5 389 682.9700 -387.3400 14 454 824.3400 -462.5700 0 281 638.4700 -356.8600 1 294 635.7900 -364.1200 2 288 631.8500 -369.7400 3 352 645.5900 -378.0000 4 385 661.1801 -386.4200 6 337 703.4399 -382.3900 7 375 723.2600 -379.4900 8 389 727.1700 -392.5700 9 370 733.8000 -420.5700 10 398 757.1200 -443.7300 11 236 808.1600 -489.2900 12 242 845.8101 -483.4100
3.4149900922e-01 -4.9878985773e-01 -1.5375249669e+00
89 87 66
11 5 256 510.4100 -307.3000 14 221 679.4000 -423.8800 0 295 468.8500 -274.5100 1 209 466.1600 -281.5500 2 208 462.4399 -286.8900 3 232 474.6899 -295.3000 4 252 489.9600 -304.2200 6 234 529.6700 -304.6800 7 241 548.7600 -303.1800 8 187 553.0200 -317.0400 9 179 560.7100 -347.7300
3.3974073256e-01 -4.9819419819e-01 -1.5367245901e+00
89 87 66
10 5 257 510.4100 -307.3000 14 222 679.4000 -423.8800 0 296 468.8500 -274.5100 2 209 462.4399 -286.8900 3 233 474.6899 -295.3000 4 253 489.9600 -304.2200 6 235 529.6700 -304.6800 7 242 548.7600 -303.1800 8 188 553.0200 -317.0400 9 180 560.7100 -347.7300
-1.1558960751e-02 -4.9195738723e-01 -1.7157652317e+00
213 230 159
11 5 270 112.6100 -265.8000 14 177 270.1100 -366.0300 0 308 78.4900 -229.3800 1 315 76.5900 -236.0100 2 217 73.3400 -241.5800 4 267 95.7500 -257.6100 6 241 128.8000 -269.1200 7 250 145.0601 -270.8100 8 286 148.4301 -280.9900 9 269 155.0601 -308.8600 10 275 172.7500 -329.2300
1.1873115574e-01 -4.3198511749e-01 -1.6783456257e+00
207 224 153
19 5 412 227.8000 -214.2400 14 239 381.7100 -310.1900 0 315 194.2100 -179.9400 1 319 192.0800 -186.9400 2 326 188.4100 -192.7100 3 254 198.4600 -199.2900 6 361 243.5200 -216.0000 7 398 259.7100 -216.0300 8 295 263.2800 -226.5700 9 279 269.8300 -254.1500 10 288 288.5200 -274.0900 13 261 378.3300 -295.9400 12 222 357.6200 -305.9500 19 261 367.8700 -78.9900 23 222 411.5900 132.2900 20 164 379.7800 -32.4600 21 190 406.1100 32.1400 27 444 360.0500 140.7600 25 217 360.2600 89.0700
1.6716953007e-01 -4.1175636321e-01 -1.6701802993e+00
214 228 156
17 5 286 266.4399 -196.9100 14 246 419.4399 -291.1300 0 317 232.6899 -163.0000 1 226 230.5601 -170.3300 2 226 227.0100 -175.8500 3 256 237.0601 -182.5200 4 276 250.2600 -191.1100 6 254 281.9900 -197.6000 7 264 298.1801 -197.6400 8 297 301.8700 -207.8900 9 280 308.2100 -235.5100 10 219 327.6200 -255.0900 13 267 418.4600 -276.5100 12 224 398.3500 -286.5300 19 203 396.3600 -62.6200 22 216 435.9399 110.0300 21 192 432.5699 50.3900
-1.0810951284e-01 -4.1201513596e-01 -1.8660070451e+00
98 11 6
7 5 431 -3.6900 -174.6800 14 334 127.5500 -246.2900 0 325 -32.3200 -138.0000 1 328 -34.1600 -145.0800 2 333 -37.3600 -151.0300 3 394 -29.2100 -157.2800 10 416 45.6800 -229.9700
-1.0814953768e-01 -4.1203850022e-01 -1.8649555426e+00
98 11 6
9 5 432 -3.6900 -174.6800 14 335 127.5500 -246.2900 0 326 -32.3200 -138.0000 1 329 -34.1600 -145.0800 2 334 -37.3600 -151.0300 3 395 -29.2100 -157.2800 6 374 9.5600 -179.7100 10 417 45.6800 -229.9700 13 373 114.6000 -234.1000
-2.8607916674e-01 -3.9982534384e-01 -1.9182756063e+00
107 52 12
12 5 439 -137.9800 -159.9700 14 338 -9.3100 -238.7300 0 333 -164.7700 -121.1100 1 333 -166.5700 -128.1400 2 340 -169.7800 -134.2700 3 401 -162.3000 -140.4200 4 441 -151.4600 -148.6900 6 381 -124.4300 -167.0600 7 416 -110.3900 -170.4700 8 428 -108.2400 -177.8600 9 414 -103.1300 -202.6500 10 420 -91.2300 -217.8600
-7.6721936544e-02 -3.5382136038e-01 -1.8485208462e+00
78 1 3
