# Bundle file v0.3
200 10950
5.3200000000e+02 0.0000000000e+00 0.0000000000e+00
9.5263807916e-01 6.6489291538e-02 2.9674882349e-01
-1.0526641846e-01 9.8757806570e-01 1.1665566977e-01
-2.8530627626e-01 -1.4236831901e-01 9.4780356112e-01
6.1341525530e-01 4.3417777665e-01 8.6975480131e-01
5.3200000000e+02 0.0000000000e+00 0.0000000000e+00
9.5266145751e-01 6.5851522870e-02 2.9681597717e-01
-1.0691735716e-01 9.8646690588e-01 1.2430495703e-01
-2.8461346790e-01 -1.5015532139e-01 9.4680967113e-01
6.1028647514e-01 4.3735671050e-01 8.6335832643e-01
5.3200000000e+02 0.0000000000e+00 0.0000000000e+00
9.5284552547e-01 6.4360023062e-02 2.9655217419e-01
-1.0745851367e-01 9.8548880839e-01 1.3139435445e-01
-2.8379230509e-01 -1.5706557857e-01 9.4593463389e-01
6.0431253271e-01 4.4173443973e-01 8.5794985903e-01
5.3200000000e+02 0.0000000000e+00 0.0000000000e+00
9.5321385099e-01 6.2648501839e-02 2.9573386598e-01
-1.0520116365e-01 9.8588617352e-01 1.3023504916e-01
-2.8340089880e-01 -1.5525339957e-01 9.4635105140e-01
6.1400731189e-01 4.3150912587e-01 8.6282736495e-01
5.3200000000e+02 0.0000000000e+00 0.0000000000e+00
9.5361530318e-01 6.0942781542e-02 2.9479455715e-01
-1.0373165937e-01 9.8584010775e-01 1.3175365193e-01
-2.8259086396e-01 -1.5622182731e-01 9.4643390909e-01
6.2816315887e-01 4.2299252698e-01 8.6371168004e-01
5.3200000000e+02 0.0000000000e+00 0.0000000000e+00
9.5540642734e-01 4.6257442601e-02 2.9164843151e-01
-8.9854342506e-02 9.8636065969e-01 1.3790883272e-01
-2.8129122939e-01 -1.5796486323e-01 9.4653174604e-01
6.3653689930e-01 4.2300974434e-01 8.6426235415e-01
5.3200000000e+02 0.0000000000e+00 0.0000000000e+00
9.5696946004e-01 3.0706184446e-02 2.8855949609e-01
-7.4959067772e-02 9.8679505141e-01 1.4358504334e-01
-2.8034013395e-01 -1.5903665222e-01 9.4663443448e-01
6.4395312134e-01 4.2858233999e-01 8.6482778839e-01
5.3200000000e+02 0.0000000000e+00 0.0000000000e+00
9.5811439649e-01 2.1392954775e-02 2.8558561715e-01
-6.5884641122e-02 9.8692379442e-01 1.4710757315e-01
-2.7870417525e-01 -1.5976158956e-01 9.4699536282e-01
6.5483786681e-01 4.3283407489e-01 8.6569453112e-01
5.3200000000e+02 0.0000000000e+00 0.0000000000e+00
9.5759782564e-01 2.6292349912e-02 2.8690611122e-01
-7.0540428469e-02 9.8691406232e-01 1.4499890185e-01
-2.7933931387e-01 -1.5908911315e-01 9.4692143381e-01
6.6329686485e-01 4.1789767589e-01 8.6857577059e-01
5.3200000000e+02 0.0000000000e+00 0.0000000000e+00
9.5751184871e-01 2.3842916259e-02 2.8740663689e-01
-6.7500862127e-02 9.8742285840e-01 1.4296759186e-01
-2.8038311860e-01 -1.5629335896e-01 9.4707850401e-01
6.7095000500e-01 3.7869850339e-01 8.7045416321e-01
5.3200000000e+02 0.0000000000e+00 0.0000000000e+00
9.5699231860e-01 2.4290770144e-02 2.8909455309e-01
-6.6039901268e-02 9.8856717848e-01 1.3554949310e-01
-2.8249678509e-01 -1.4881159943e-01 9.4765535628e-01
6.9345795188e-01 3.4575132815e-01 8.8256110550e-01
5.3200000000e+02 0.0000000000e+00 0.0000000000e+00
9.5806785796e-01 2.2132855756e-02 2.8568534480e-01
-5.6743752189e-02 9.9192227920e-01 1.1344751481e-01
-2.8086674087e-01 -1.2490127591e-01 9.5158475458e-01
7.1879222640e-01 2.7150883135e-01 9.1948213639e-01
5.3200000000e+02 0.0000000000e+00 0.0000000000e+00
9.6245806147e-01 2.0005886045e-02 2.7069215808e-01
-4.1465983322e-02 9.9641114392e-01 7.3792984132e-02
-2.6824438885e-01 -8.2247168970e-02 9.5983350173e-01
7.2699384368e-01 2.1798412920e-01 9.5592217346e-01
5.3200000000e+02 0.0000000000e+00 0.0000000000e+00
9.6415669053e-01 1.7652340830e-02 2.6474567224e-01
-2.4825506942e-02 9.9940909747e-01 2.3772885665e-02
-2.6416958627e-01 -2.9493232291e-02 9.6402519622e-01
7.4342731926e-01 1.4449486806e-01 9.8221842277e-01
5.3200000000e+02 0.0000000000e+00 0.0000000000e+00
9.6059111195e-01 1.3427633286e-02 2.7764080087e-01
-1.6317096932e-02 9.9983406433e-01 8.0991450681e-03
-2.7748597801e-01 -1.2310258627e-02 9.6065081561e-01
7.9025007535e-01 8.1908985510e-02 9.5544221822e-01
5.3200000000e+02 0.0000000000e+00 0.0000000000e+00
9.5900681986e-01 -1.2333198304e-02 2.8311448513e-01
1.0475474441e-02 9.9991252790e-01 8.0747124686e-03
-2.8318930754e-01 -4.7779457730e-03 9.5905212962e-01
8.3013785124e-01 2.4927304433e-02 9.0469472141e-01
5.3200000000e+02 0.0000000000e+00 0.0000000000e+00
9.5770044515e-01 -2.1746735554e-02 2.8694413543e-01
2.4113495171e-02 9.9969810203e-01 -4.7163703077e-03
-2.8675494192e-01 1.1436095967e-02 9.5793570713e-01
8.6692581814e-01 6.9863206389e-02 8.6079327603e-01
5.3200000000e+02 0.0000000000e+00 0.0000000000e+00
9.5433469007e-01 -3.1221937983e-02 2.9710350035e-01
4.5047909195e-02 9.9819160921e-01 -3.9801974490e-02
-2.9532352633e-01 5.1368296494e-02 9.5401536304e-01
8.9722799178e-01 1.2100254763e-01 8.3273721064e-01
5.3200000000e+02 0.0000000000e+00 0.0000000000e+00
9.4775103575e-01 -1.8126972796e-02 3.1849550561e-01
2.5350498420e-02 9.9950651229e-01 -1.8549504382e-02
-3.1800208563e-01 2.5654331802e-02 9.4774286006e-01
9.4231786808e-01 2.4353681884e-01 7.9151198935e-01
5.3200000000e+02 0.0000000000e+00 0.0000000000e+00
9.4518866878e-01 -4.6811734236e-02 3.2315173207e-01
6.3609931241e-02 9.9710691215e-01 -4.1612286489e-02
-3.2026888242e-01 5.9887121129e-02 9.4543184613e-01
9.5176669216e-01 2.5108719146e-01 7.8155022404e-01
5.3200000000e+02 0.0000000000e+00 0.0000000000e+00
9.4345999504e-01 -1.0830809422e-01 3.1329314465e-01
1.3479755599e-01 9.8879782310e-01 -6.4097456525e-02
-3.0284130606e-01 1.0270453622e-01 9.4749085567e-01
9.3803809629e-01 2.7278904430e-01 7.8613155756e-01
5.3200000000e+02 0.0000000000e+00 0.0000000000e+00
9.5427696312e-01 -1.3322451305e-01 2.6759429512e-01
1.8103467070e-01 9.6992410966e-01 -1.6270731238e-01
-2.3786955598e-01 2.0371168503e-01 9.4969448968e-01
9.0182438244e-01 2.0167987274e-01 8.0616992678e-01
5.3200000000e+02 0.0000000000e+00 0.0000000000e+00
9.5545249273e-01 -1.6284082673e-01 2.4615726534e-01
2.2436193824e-01 9.4260786009e-01 -2.4728959294e-01
-1.9176093137e-01 2.9150177916e-01 9.3715231310e-01
8.5698489751e-01 1.4289295520e-01 8.1919830320e-01
5.3200000000e+02 0.0000000000e+00 0.0000000000e+00
9.4735094438e-01 -2.0392158196e-01 2.4686469288e-01
2.7045441946e-01 9.2232362028e-01 -2.7599555515e-01
-1.7140768703e-01 3.2823029702e-01 9.2891564576e-01
8.5665995553e-01 1.5457751351e-01 8.0251489340e-01
5.3200000000e+02 0.0000000000e+00 0.0000000000e+00
9.1468139768e-01 -2.5938519523e-01 3.0996332241e-01
3.2245998792e-01 9.3068932231e-01 -1.7273373012e-01
-2.4367498217e-01 2.5794709889e-01 9.3492555706e-01
8.4343013322e-01 2.7075029639e-01 8.0386737510e-01
5.3200000000e+02 0.0000000000e+00 0.0000000000e+00
8.7061202850e-01 -2.8752630001e-01 3.9920336001e-01
3.5408257246e-01 9.2955870191e-01 -1.0269445744e-01
-3.4155559975e-01 2.3075798255e-01 9.1109303903e-01
9.8957456806e-01 3.5316248914e-01 7.6792102393e-01
0 0 0
0 0 0
0 0 0
0 0 0
0 0 0
5.3200000000e+02 0.0000000000e+00 0.0000000000e+00
8.3525347243e-01 -3.3237976200e-01 4.3803576407e-01
3.9493835587e-01 9.1691764490e-01 -5.7321265995e-02
-3.8259029242e-01 2.2087491094e-01 8.9712816357e-01
1.0430565037e+00 5.0495693705e-01 7.4371681121e-01
5.3200000000e+02 0.0000000000e+00 0.0000000000e+00
8.1443257568e-01 -3.6204489276e-01 4.5345680644e-01
4.0837335688e-01 9.1280305004e-01 -4.6683222873e-03
-4.1222661373e-01 1.8898171199e-01 8.9126602733e-01
1.0931359636e+00 6.0129722895e-01 6.9751400096e-01
5.3200000000e+02 0.0000000000e+00 0.0000000000e+00
7.9959746949e-01 -3.8133910145e-01 4.6392281307e-01
4.1826386343e-01 9.0796928754e-01 2.5438424546e-02
-4.3092833201e-01 1.7370164823e-01 8.8551031054e-01
1.1320132017e+00 7.0064944042e-01 6.5763582549e-01
5.3200000000e+02 0.0000000000e+00 0.0000000000e+00
7.7593882330e-01 -4.0410094820e-01 4.8437729732e-01
4.3550792686e-01 8.9867682145e-01 5.2084702389e-02
-4.5634612757e-01 1.7053560989e-01 8.7330740156e-01
1.1766289214e+00 7.6948178616e-01 6.1379710498e-01
5.3200000000e+02 0.0000000000e+00 0.0000000000e+00
7.5957599589e-01 -4.1154875219e-01 5.0365854608e-01
4.3034671065e-01 8.9862698516e-01 8.5271625875e-02
-4.8769459204e-01 1.5197751845e-01 8.5968413896e-01
1.1984946195e+00 8.2494295974e-01 5.6944834687e-01
5.3200000000e+02 0.0000000000e+00 0.0000000000e+00
7.2538056999e-01 -4.2909456368e-01 5.3823868693e-01
4.3928089352e-01 8.9057091836e-01 1.1796497774e-01
-5.2995785236e-01 1.5086846853e-01 8.3449588371e-01
1.2031387852e+00 8.5324451375e-01 5.1571659471e-01
5.3200000000e+02 0.0000000000e+00 0.0000000000e+00
6.8231121865e-01 -4.5517374529e-01 5.7207365129e-01
4.6407748146e-01 8.7431444436e-01 1.4214901892e-01
-5.6487475789e-01 1.6849662898e-01 8.0779043936e-01
1.1968118209e+00 8.9704846844e-01 4.6382976254e-01
5.3200000000e+02 0.0000000000e+00 0.0000000000e+00
6.5596824551e-01 -4.6967270301e-01 5.9085803111e-01
4.8809799792e-01 8.6106479900e-01 1.4257544088e-01
-5.7573084450e-01 1.9487166023e-01 7.9407747149e-01
1.1940394181e+00 9.2365513393e-01 4.3949306322e-01
5.3200000000e+02 0.0000000000e+00 0.0000000000e+00
6.3296939485e-01 -4.8757826995e-01 6.0134613648e-01
5.1055438673e-01 8.4680297210e-01 1.4919431834e-01
-5.8196560326e-01 2.1258447053e-01 7.8493558941e-01
1.2037720147e+00 9.6722925451e-01 4.0274846097e-01
5.3200000000e+02 0.0000000000e+00 0.0000000000e+00
6.2420182082e-01 -4.9292152503e-01 6.0613567544e-01
5.1503795608e-01 8.4300707273e-01 1.5516113923e-01
-5.8745892680e-01 2.1533101376e-01 7.8007984452e-01
1.2840973130e+00 1.0116326000e+00 3.6199080569e-01
5.3200000000e+02 0.0000000000e+00 0.0000000000e+00
6.1095364244e-01 -5.1809088027e-01 5.9859626341e-01
4.9831307805e-01 8.3920908559e-01 2.1774339692e-01
-6.1515829104e-01 1.6525722506e-01 7.7088930887e-01
1.3377088520e+00 1.0850334002e+00 3.1579682999e-01
5.3200000000e+02 0.0000000000e+00 0.0000000000e+00
5.8412591416e-01 -5.2381039316e-01 6.2001579691e-01
4.3896929954e-01 8.4640266585e-01 3.0151033365e-01
-6.8271726979e-01 9.6047900798e-02 7.2434241231e-01
1.4275598968e+00 1.1540062798e+00 1.8489653783e-01
5.3200000000e+02 0.0000000000e+00 0.0000000000e+00
5.6517548250e-01 -5.4445651132e-01 6.1979333755e-01
4.0830869643e-01 8.3742984214e-01 3.6331153011e-01
-7.1684076503e-01 4.7732240386e-02 6.9560114349e-01
1.4716387594e+00 1.2137131187e+00 8.5478601475e-02
5.3200000000e+02 0.0000000000e+00 0.0000000000e+00
5.4324319136e-01 -5.5885671785e-01 6.2655087898e-01
4.0238987096e-01 8.2828425726e-01 3.8990714399e-01
-7.3686445618e-01 4.0303326102e-02 6.7483806585e-01
1.5284339255e+00 1.2722352353e+00 1.6251692336e-02
5.3200000000e+02 0.0000000000e+00 0.0000000000e+00
5.3207421428e-01 -5.6654397415e-01 6.2922567959e-01
4.0206847712e-01 8.2308049763e-01 4.0109778623e-01
-7.4514291931e-01 3.9578021305e-02 6.6572938198e-01
1.6064069370e+00 1.3205674971e+00 -1.6959901496e-02
5.3200000000e+02 0.0000000000e+00 0.0000000000e+00
5.1523258479e-01 -5.7957109975e-01 6.3137368009e-01
4.1381348409e-01 8.1335050255e-01 4.0892463902e-01
-7.5052900274e-01 5.0579643570e-02 6.5889901783e-01
1.6678223111e+00 1.3903406287e+00 -3.3286534105e-02
5.3200000000e+02 0.0000000000e+00 0.0000000000e+00
4.9879609415e-01 -5.8294893321e-01 6.4138365876e-01
4.3295984834e-01 8.0865558129e-01 3.9827367548e-01
-7.5083168965e-01 7.9036017889e-02 6.5574772717e-01
1.7261219682e+00 1.4423751557e+00 -4.5863919711e-02
5.3200000000e+02 0.0000000000e+00 0.0000000000e+00
4.6422370807e-01 -5.9115477777e-01 6.5956984284e-01
4.5669604155e-01 7.9780609250e-01 3.9361677352e-01
-7.5889727533e-01 1.1849669819e-01 6.4033854954e-01
1.7564928398e+00 1.4789688429e+00 -8.4326892038e-02
5.3200000000e+02 0.0000000000e+00 0.0000000000e+00
4.1787976635e-01 -6.0291573753e-01 6.7960953077e-01
4.9245032696e-01 7.7894734742e-01 3.8824438879e-01
-7.6345869328e-01 1.7243446116e-01 6.2241238761e-01
1.7470492209e+00 1.5283887111e+00 -1.3172123840e-01
5.3200000000e+02 0.0000000000e+00 0.0000000000e+00
3.6924660419e-01 -6.1772682122e-01 6.9431298392e-01
5.1089688226e-01 7.5901349702e-01 4.0358752091e-01
-7.7629976233e-01 2.0569901721e-01 5.9585786336e-01
1.7284826410e+00 1.5682005758e+00 -2.0011246065e-01
5.3200000000e+02 0.0000000000e+00 0.0000000000e+00
3.5467567611e-01 -6.1379723479e-01 7.0530710994e-01
5.0914385005e-01 7.5948481000e-01 4.0491401967e-01
-7.8420514200e-01 2.1548962373e-01 5.8188187576e-01
1.8025463986e+00 1.5479736474e+00 -2.3564983291e-01
5.3200000000e+02 0.0000000000e+00 0.0000000000e+00
3.1677644578e-01 -6.2976522539e-01 7.0925908122e-01
5.2428367862e-01 7.3940911391e-01 4.2237517280e-01
-7.9042982467e-01 2.3805445417e-01 5.6440302012e-01
1.7788617938e+00 1.5731040502e+00 -2.6739664692e-01
5.3200000000e+02 0.0000000000e+00 0.0000000000e+00
2.8728849997e-01 -6.4390532566e-01 7.0912005286e-01
5.3574939106e-01 7.2171516104e-01 4.3829193045e-01
-7.9400120136e-01 2.5399440526e-01 5.5231235214e-01
1.7707294575e+00 1.6123521533e+00 -2.8693850464e-01
5.3200000000e+02 0.0000000000e+00 0.0000000000e+00
2.9464705258e-01 -6.4683359700e-01 7.0341268982e-01
5.2286830437e-01 7.2525526003e-01 4.4789903336e-01
-7.9986989610e-01 2.3582007037e-01 5.5190311081e-01
1.8919237672e+00 1.5812747065e+00 -3.1881190424e-01
5.3200000000e+02 0.0000000000e+00 0.0000000000e+00
3.0275862206e-01 -6.2377160050e-01 7.2058740426e-01
4.9887589175e-01 7.4794061060e-01 4.3784436464e-01
-8.1207146324e-01 2.2692252737e-01 5.3763008209e-01
2.0359227875e+00 1.4507684434e+00 -3.8906697464e-01
0 0 0
0 0 0
0 0 0
0 0 0
0 0 0
5.3200000000e+02 0.0000000000e+00 0.0000000000e+00
8.0890086998e-01 -3.7534706329e-01 4.5254167170e-01
8.9087702353e-02 8.3906123669e-01 5.3669322930e-01
-5.8115640221e-01 -3.9381572234e-01 7.1215617178e-01
1.9376273576e+00 1.3521576931e+00 4.7228540494e-02
5.3200000000e+02 0.0000000000e+00 0.0000000000e+00
8.9553680808e-01 -3.2828517086e-01 3.0040418102e-01
1.4519176832e-01 8.5370517638e-01 5.0010681083e-01
-4.2063425418e-01 -4.0424784281e-01 8.1218871316e-01
2.0121301368e+00 1.4211950750e+00 3.0784736582e-01
5.3200000000e+02 0.0000000000e+00 0.0000000000e+00
8.9884744761e-01 -2.9992527586e-01 3.1955921961e-01
1.1644113570e-01 8.6637773356e-01 4.8562442762e-01
-4.2251003284e-01 -3.9929243881e-01 8.1366505422e-01
2.0617911367e+00 1.3503955377e+00 3.0869641405e-01
5.3200000000e+02 0.0000000000e+00 0.0000000000e+00
9.0763785113e-01 -2.7921147189e-01 3.1342381078e-01
1.0860040624e-01 8.7746294193e-01 4.6718811768e-01
-4.0546206106e-01 -3.8999966603e-01 8.2674105833e-01
2.0738527464e+00 1.3104831489e+00 3.6572599020e-01
5.3200000000e+02 0.0000000000e+00 0.0000000000e+00
9.0650593914e-01 -2.9040738636e-01 3.0644825380e-01
1.3697692668e-01 8.8888797964e-01 4.3716756651e-01
-3.9935485957e-01 -3.5431865545e-01 8.4556134404e-01
2.0542929906e+00 1.3202346217e+00 4.2069461889e-01
5.3200000000e+02 0.0000000000e+00 0.0000000000e+00
9.0111001553e-01 -3.1656491257e-01 2.9628937889e-01
1.7081496063e-01 8.8726071494e-01 4.2847482184e-01
-3.9852602066e-01 -3.3549229477e-01 8.5359353969e-01
2.0154035457e+00 1.3693888533e+00 4.4250881019e-01
5.3200000000e+02 0.0000000000e+00 0.0000000000e+00
9.0164970669e-01 -3.1771378454e-01 2.9340374494e-01
1.8020750229e-01 8.9275457700e-01 4.1293403998e-01
-3.9313237281e-01 -3.1944829999e-01 8.6220631005e-01
2.0090434157e+00 1.3653637704e+00 4.7278441262e-01
5.3200000000e+02 0.0000000000e+00 0.0000000000e+00
8.9925709260e-01 -3.0711041796e-01 3.1148013194e-01
1.6315273613e-01 8.9618832574e-01 4.1258656001e-01
-4.0585448884e-01 -3.2020255462e-01 8.5600961321e-01
2.0268135336e+00 1.3332820724e+00 4.4784810723e-01
5.3200000000e+02 0.0000000000e+00 0.0000000000e+00
8.8077158774e-01 -3.2650578117e-01 3.4298015262e-01
1.6754663344e-01 8.9230621422e-01 4.1918700563e-01
-4.4291030226e-01 -3.1174283460e-01 8.4062290548e-01
2.0871566304e+00 1.2974749826e+00 4.2129649605e-01
5.3200000000e+02 0.0000000000e+00 0.0000000000e+00
8.6516411046e-01 -3.3487138428e-01 3.7329909988e-01
1.5143822140e-01 8.8408773532e-01 4.4210331526e-01
-4.7807690498e-01 -3.2596016974e-01 8.1559330592e-01
2.1553493113e+00 1.2894115445e+00 3.6643357557e-01
5.3200000000e+02 0.0000000000e+00 0.0000000000e+00
8.2750641240e-01 -3.9521116834e-01 3.9879978668e-01
1.7337168998e-01 8.5544866540e-01 4.8800598151e-01
-5.3401815938e-01 -3.3468748601e-01 7.7640768425e-01
2.1475553736e+00 1.3560450361e+00 2.9638452464e-01
5.3200000000e+02 0.0000000000e+00 0.0000000000e+00
7.7316280289e-01 -4.7421305416e-01 4.2111905621e-01
2.1655961998e-01 8.2150310342e-01 5.2747946127e-01
-5.9608825792e-01 -3.1663011596e-01 7.3785104082e-01
2.0702372751e+00 1.3944122311e+00 2.4341355502e-01
5.3200000000e+02 0.0000000000e+00 0.0000000000e+00
6.9243320756e-01 -5.5329069226e-01 4.6303959110e-01
2.2802773094e-01 7.7672140211e-01 5.8711772025e-01
-6.8449953030e-01 -3.0095393895e-01 6.6399331295e-01
1.9764810631e+00 1.4339797578e+00 9.5705818626e-02
5.3200000000e+02 0.0000000000e+00 0.0000000000e+00
6.3667471162e-01 -5.9248268341e-01 4.9356821357e-01
2.2213217397e-01 7.5383749190e-01 6.1837394277e-01
-7.3844607716e-01 -2.8406567140e-01 6.1155873426e-01
1.9425277904e+00 1.4476980968e+00 -2.2077291400e-02
5.3200000000e+02 0.0000000000e+00 0.0000000000e+00
5.7068091998e-01 -6.2519865307e-01 5.3240016132e-01
2.2260487132e-01 7.4184729819e-01 6.3254221791e-01
-7.9042416388e-01 -2.4246490544e-01 5.6253036433e-01
1.9304090086e+00 1.4580917052e+00 -1.1903731176e-01
5.3200000000e+02 0.0000000000e+00 0.0000000000e+00
5.4132147790e-01 -6.4295621845e-01 5.4182871715e-01
2.2307056065e-01 7.3113512190e-01 6.4473324600e-01
-8.1068525491e-01 -2.2814191786e-01 5.3920374886e-01
1.9245650077e+00 1.4852357011e+00 -1.7202863086e-01
5.3200000000e+02 0.0000000000e+00 0.0000000000e+00
5.3691104719e-01 -6.4500075722e-01 5.4378355123e-01
2.6054703755e-01 7.3983486716e-01 6.2028994072e-01
-8.0239751285e-01 -1.9135932830e-01 5.6527854978e-01
1.9759136786e+00 1.5039266333e+00 -1.2985850194e-01
5.3200000000e+02 0.0000000000e+00 0.0000000000e+00
5.3668662863e-01 -6.5737342099e-01 5.2898737983e-01
2.5638170638e-01 7.2432940082e-01 6.4001198406e-01
-8.0388797931e-01 -2.0786318691e-01 5.5727642355e-01
2.0148925186e+00 1.5195431934e+00 -1.4082551263e-01
5.3200000000e+02 0.0000000000e+00 0.0000000000e+00
5.3993661035e-01 -6.5621282993e-01 5.2711780338e-01
2.9848248303e-01 7.3482537680e-01 6.0904833382e-01
-7.8700486919e-01 -1.7151206210e-01 5.9262715802e-01
2.0459504947e+00 1.5275396216e+00 -2.8447415588e-02
5.3200000000e+02 0.0000000000e+00 0.0000000000e+00
5.2186446815e-01 -6.7669540884e-01 5.1936576758e-01
3.6789391142e-01 7.2785949239e-01 5.7868353120e-01
-7.6961779269e-01 -1.1092286954e-01 6.2879612768e-01
2.0436697442e+00 1.5770997512e+00 8.1742625892e-02
5.3200000000e+02 0.0000000000e+00 0.0000000000e+00
4.4003657161e-01 -6.8517024139e-01 5.8043910616e-01
3.9089069401e-01 7.2808295397e-01 5.6311604264e-01
-8.0843817388e-01 -2.0903407786e-02 5.8820979808e-01
2.0309750612e+00 1.5312526362e+00 -1.2991643059e-02
0 0 0
0 0 0
0 0 0
0 0 0
0 0 0
5.3200000000e+02 0.0000000000e+00 0.0000000000e+00
1.9930381714e-01 -7.0695206970e-01 6.7859911555e-01
3.8350581066e-01 6.9352854023e-01 6.0987003294e-01
-9.0177673604e-01 1.3869727840e-01 4.0934311195e-01
1.8427871173e+00 1.4981581198e+00 -4.3481330711e-01
5.3200000000e+02 0.0000000000e+00 0.0000000000e+00
1.4452734067e-01 -7.2431086698e-01 6.7415548338e-01
3.7284551115e-01 6.7095527425e-01 6.4094090583e-01
-9.1656864043e-01 1.5872236115e-01 3.6702743693e-01
1.7712679552e+00 1.5134512306e+00 -5.3718728485e-01
5.3200000000e+02 0.0000000000e+00 0.0000000000e+00
9.7509845063e-02 -7.5223169301e-01 6.5164354532e-01
3.8516505441e-01 6.3226489665e-01 6.7222688233e-01
-9.1768170461e-01 1.8544158245e-01 3.5138541308e-01
1.7008408719e+00 1.5621197293e+00 -5.8838846869e-01
5.3200000000e+02 0.0000000000e+00 0.0000000000e+00
4.0037973422e-02 -7.6918312964e-01 6.3777290141e-01
4.0632486519e-01 5.9565993519e-01 6.9288479962e-01
-9.1285106376e-01 2.3140128499e-01 3.3638724811e-01
1.6399896040e+00 1.6155814513e+00 -6.3164596897e-01
5.3200000000e+02 0.0000000000e+00 0.0000000000e+00
1.2417880525e-02 -7.7843728927e-01 6.2759954025e-01
4.4347239455e-01 5.6683021707e-01 6.9428793760e-01
-8.9620200375e-01 2.6970148627e-01 3.5225427859e-01
1.6314382448e+00 1.6719010668e+00 -5.8794559041e-01
5.3200000000e+02 0.0000000000e+00 0.0000000000e+00
-1.6588155530e-02 -7.8321399195e-01 6.2153091308e-01
4.8477604243e-01 5.3736659381e-01 6.9009371287e-01
-8.7448100138e-01 3.1275067813e-01 3.7076945876e-01
1.6198858662e+00 1.7329728330e+00 -5.4513715924e-01
5.3200000000e+02 0.0000000000e+00 0.0000000000e+00
-5.4223677601e-02 -7.8796176868e-01 6.1333191983e-01
5.1362942310e-01 5.0473289672e-01 6.9385122231e-01
-8.5629703288e-01 3.5264848513e-01 3.7735187481e-01
1.5971417441e+00 1.7771207966e+00 -5.2936796103e-01
5.3200000000e+02 0.0000000000e+00 0.0000000000e+00
-1.2595793395e-01 -7.8607883179e-01 6.0515673100e-01
5.0411290164e-01 4.7466491721e-01 7.2150079610e-01
-8.5440317256e-01 3.9594606523e-01 3.3648466852e-01
1.5149967125e+00 1.8095683097e+00 -6.2606598862e-01
5.3200000000e+02 0.0000000000e+00 0.0000000000e+00
-2.1042313515e-01 -7.7886313122e-01 5.9084204914e-01
4.8241638705e-01 4.4293698391e-01 7.5569918472e-01
-8.5029202848e-01 4.4404847834e-01 2.8253214894e-01
1.4079704210e+00 1.8409339218e+00 -7.6815193454e-01
5.3200000000e+02 0.0000000000e+00 0.0000000000e+00
-2.7807578359e-01 -7.6697042568e-01 5.7829942479e-01
4.6255401012e-01 4.2072491926e-01 7.8040651588e-01
-8.4185369649e-01 4.8450687141e-01 2.3777183445e-01
1.3279924353e+00 1.8542627265e+00 -8.8797758610e-01
5.3200000000e+02 0.0000000000e+00 0.0000000000e+00
-3.8334940319e-01 -7.1981937526e-01 5.7870830483e-01
4.2972329974e-01 4.1561983812e-01 8.0162212783e-01
-8.1754579122e-01 5.5598580663e-01 1.4999554025e-01
1.1663477290e+00 1.8440258737e+00 -1.1144222321e+00
5.3200000000e+02 0.0000000000e+00 0.0000000000e+00
-4.4777055961e-01 -7.0513697786e-01 5.4980302691e-01
3.9424159105e-01 3.9620041617e-01 8.2921577295e-01
-8.0254289221e-01 5.8805363078e-01 1.0058744199e-01
1.0259796844e+00 1.8473927868e+00 -1.2355667052e+00
5.3200000000e+02 0.0000000000e+00 0.0000000000e+00
-4.5846389587e-01 -7.2806379831e-01 5.0964101265e-01
3.7985744994e-01 3.5790094233e-01 8.5300365369e-01
-8.0344207875e-01 5.8466231371e-01 1.1247579746e-01
9.7995727058e-01 1.9021139855e+00 -1.1952614130e+00
5.3200000000e+02 0.0000000000e+00 0.0000000000e+00
-4.7950655078e-01 -7.2754401378e-01 4.9066605320e-01
3.2463755623e-01 3.7240240282e-01 8.6944057155e-01
-8.1528150037e-01 5.7619107801e-01 5.7618719004e-02
9.2438902653e-01 1.8603857915e+00 -1.3354842461e+00
5.3200000000e+02 0.0000000000e+00 0.0000000000e+00
-4.8168000026e-01 -7.2847196458e-01 4.8714779499e-01
3.2164511393e-01 3.7013000541e-01 8.7152062499e-01
-8.1518635786e-01 5.7648276289e-01 5.6025226937e-02
9.5290655887e-01 1.8991573205e+00 -1.3211705301e+00
5.3200000000e+02 0.0000000000e+00 0.0000000000e+00
-4.8601886528e-01 -7.3346982740e-01 4.7519225044e-01
3.1874209323e-01 3.5751192168e-01 8.7783181980e-01
-8.1375004798e-01 5.7810659756e-01 6.0030169610e-02
9.8295129998e-01 1.9311399291e+00 -1.2927865190e+00
5.3200000000e+02 0.0000000000e+00 0.0000000000e+00
-4.9757132243e-01 -7.4633772672e-01 4.4204386295e-01
2.9918547066e-01 3.3067152163e-01 8.9506670083e-01
-8.1419336355e-01 5.7761262318e-01 5.8760737731e-02
9.6960887944e-01 1.9456294283e+00 -1.2817240164e+00
5.3200000000e+02 0.0000000000e+00 0.0000000000e+00
-5.1457025945e-01 -7.5194176967e-01 4.1206919699e-01
2.7678976339e-01 3.0918090319e-01 9.0983218012e-01
-8.1154474613e-01 5.8222911652e-01 4.9034486941e-02
9.2980569346e-01 1.9705582868e+00 -1.2842593811e+00
5.3200000000e+02 0.0000000000e+00 0.0000000000e+00
-5.2216874031e-01 -7.6787749778e-01 3.7108483537e-01
1.2046246153e-01 3.6434558874e-01 9.2343981251e-01
-8.4429177540e-01 5.2689319635e-01 -9.7749463567e-02
8.7005312808e-01 1.7583385597e+00 -1.5884291798e+00
5.3200000000e+02 0.0000000000e+00 0.0000000000e+00
-5.6804563148e-01 -7.4690557932e-01 3.4562438590e-01
9.2065520137e-02 3.5965234466e-01 9.2853332249e-01
-8.1783133992e-01 5.5926938639e-01 -1.3553469259e-01
8.2081570253e-01 1.5907747380e+00 -1.6842422883e+00
5.3200000000e+02 0.0000000000e+00 0.0000000000e+00
-5.6917608050e-01 -7.5976129750e-01 3.1432683659e-01
4.1931663849e-03 3.7960525602e-01 9.2513905277e-01
-8.2220496638e-01 5.2788504470e-01 -2.1287642623e-01
7.7002064286e-01 1.4714536300e+00 -1.8118847356e+00
5.3200000000e+02 0.0000000000e+00 0.0000000000e+00
-5.8891892442e-01 -7.5239300265e-01 2.9509196875e-01
-2.7553708468e-03 3.6699307431e-01 9.3021959308e-01
-8.0818742157e-01 5.4701083442e-01 -2.1820228834e-01
7.2992504501e-01 1.4382630817e+00 -1.8386512757e+00
5.3200000000e+02 0.0000000000e+00 0.0000000000e+00
-5.7765749780e-01 -7.7080049225e-01 2.6866041089e-01
2.2879325077e-02 3.1370979138e-01 9.4924322662e-01
-8.1595854779e-01 5.5448423597e-01 -1.6358141809e-01
6.9891938745e-01 1.6236040644e+00 -1.7133034013e+00
5.3200000000e+02 0.0000000000e+00 0.0000000000e+00
-5.7172455469e-01 -7.5703378662e-01 3.1627658700e-01
1.4848610529e-01 2.8365305236e-01 9.4736097789e-01
-8.0689708767e-01 5.8859221181e-01 -4.9762416498e-02
8.0439949651e-01 1.9057399783e+00 -1.4501135897e+00
5.3200000000e+02 0.0000000000e+00 0.0000000000e+00
-5.9741739422e-01 -7.4104896908e-01 3.0649450651e-01
2.7244834178e-01 1.7190457184e-01 9.4668934675e-01
-7.5423097135e-01 6.4907260273e-01 9.9198781440e-02
7.2890532872e-01 2.1408557569e+00 -1.1397022463e+00
5.3200000000e+02 0.0000000000e+00 0.0000000000e+00
-6.1647469569e-01 -7.2533344149e-01 3.0635004201e-01
3.0789747235e-01 1.3602327507e-01 9.4164580133e-01
-7.2467792577e-01 6.7482521241e-01 1.3947342614e-01
6.9929932994e-01 2.2085931283e+00 -1.0615061468e+00
5.3200000000e+02 0.0000000000e+00 0.0000000000e+00
-5.9238876323e-01 -7.4781276692e-01 2.9975259603e-01
3.2001103690e-01 1.2304362018e-01 9.3938980397e-01
-7.3937033310e-01 6.5240810323e-01 1.6641868097e-01
7.3859696883e-01 2.2406326188e+00 -1.0167411856e+00
5.3200000000e+02 0.0000000000e+00 0.0000000000e+00
-5.9110531966e-01 -7.5741262913e-01 2.7734565133e-01
2.9162914162e-01 1.1990015411e-01 9.4898703721e-01
-7.5202855320e-01 6.4183336021e-01 1.5000997596e-01
7.3964528291e-01 2.2201870148e+00 -1.0725235440e+00
5.3200000000e+02 0.0000000000e+00 0.0000000000e+00
-5.7619978136e-01 -7.7553359025e-01 2.5795631868e-01
2.8626357757e-01 1.0412480139e-01 9.5247634611e-01
-7.6553705078e-01 6.2266016102e-01 1.6201033228e-01
7.9016736754e-01 2.2116297524e+00 -1.0456287374e+00
5.3200000000e+02 0.0000000000e+00 0.0000000000e+00
-5.7375378628e-01 -7.9257329105e-01 2.0648043744e-01
3.0527645982e-01 2.6989710940e-02 9.5188121033e-01
-7.6000847088e-01 6.0917906548e-01 2.2646851959e-01
7.3567587295e-01 2.2674795335e+00 -8.8668341932e-01
5.3200000000e+02 0.0000000000e+00 0.0000000000e+00
-5.7806052696e-01 -7.9518929457e-01 1.8308471531e-01
2.5191589128e-01 3.9499768390e-02 9.6694268290e-01
-7.7613427375e-01 6.0507334605e-01 1.7748756295e-01
7.3616494851e-01 2.2192190639e+00 -1.0225687197e+00
5.3200000000e+02 0.0000000000e+00 0.0000000000e+00
-5.9204347879e-01 -7.9493357721e-01 1.3253349402e-01
1.9899536118e-01 1.5162811728e-02 9.7988312332e-01
-7.8095157689e-01 6.0650696365e-01 1.4921105051e-01
6.3561714866e-01 2.1860973104e+00 -1.0872714555e+00
5.3200000000e+02 0.0000000000e+00 0.0000000000e+00
-6.1075708881e-01 -7.8632282184e-01 9.3124638684e-02
1.4579451178e-01 3.9218454777e-03 9.8930712090e-01
-7.7827998741e-01 6.1780339833e-01 1.1224625698e-01
5.6986961984e-01 2.1328229765e+00 -1.1744008281e+00
5.3200000000e+02 0.0000000000e+00 0.0000000000e+00
-6.2685356700e-01 -7.7738615359e-01 5.2205112326e-02
7.5792790760e-02 5.8440373305e-03 9.9710646377e-01
-7.7544184721e-01 6.2899651465e-01 5.5256910432e-02
5.1357089207e-01 2.0174682996e+00 -1.3238340110e+00
5.3200000000e+02 0.0000000000e+00 0.0000000000e+00
-6.5674476482e-01 -7.5388402615e-01 1.8579262566e-02
6.8530285480e-03 1.8669844156e-02 9.9980221690e-01
-7.5408179257e-01 6.5674219602e-01 -7.0949336560e-03
4.7652788530e-01 1.8514332725e+00 -1.4825025615e+00
5.3200000000e+02 0.0000000000e+00 0.0000000000e+00
-6.8348810171e-01 -7.2995112563e-01 3.9203328996e-03
-2.1179549832e-02 2.5199192117e-02 9.9945806685e-01
-7.2965433014e-01 6.8303466596e-01 -3.2683384225e-02
4.1637418162e-01 1.7800805719e+00 -1.5510305545e+00
5.3200000000e+02 0.0000000000e+00 0.0000000000e+00
-6.9362411452e-01 -7.1917265268e-01 4.0942439983e-02
3.0331028949e-02 2.7628460328e-02 9.9915799394e-01
-7.1969828154e-01 6.9428190514e-01 2.6494802171e-03
4.6343964132e-01 1.8328281112e+00 -1.4643038459e+00
5.3200000000e+02 0.0000000000e+00 0.0000000000e+00
-7.0678422969e-01 -7.0437705256e-01 6.5643129769e-02
1.0868814846e-01 -1.6431158432e-02 9.9394009046e-01
-6.9902999868e-01 7.0963581142e-01 8.8170721318e-02
4.4738837291e-01 2.0050954804e+00 -1.2435409875e+00
5.3200000000e+02 0.0000000000e+00 0.0000000000e+00
-7.4051575235e-01 -6.6236634491e-01 1.1361005965e-01
2.0575413131e-01 -6.2521416525e-02 9.7660447978e-01
-6.3976687783e-01 7.4656674022e-01 1.8258270570e-01
4.7788516267e-01 2.1046979609e+00 -1.0328914097e+00
5.3200000000e+02 0.0000000000e+00 0.0000000000e+00
-7.3609564590e-01 -6.6089642712e-01 1.4621597965e-01
2.6170430458e-01 -7.8664121292e-02 9.6193701092e-01
-6.2423878207e-01 7.4634299665e-01 2.3086375703e-01
4.5431856347e-01 2.2060564145e+00 -8.8303429170e-01
5.3200000000e+02 0.0000000000e+00 0.0000000000e+00
-7.9095587360e-01 -5.9349003698e-01 1.4885691797e-01
2.5799649122e-01 -1.0289002898e-01 9.6065157703e-01
-5.5482124737e-01 7.9823756987e-01 2.3449981987e-01
3.1897896667e-01 2.2189049993e+00 -8.7662071154e-01
5.3200000000e+02 0.0000000000e+00 0.0000000000e+00
-8.3988216892e-01 -5.2585784508e-01 1.3443016441e-01
2.1983862340e-01 -1.0313037882e-01 9.7006963906e-01
-4.9625489619e-01 8.4429713474e-01 2.0222123102e-01
1.4824236335e-01 2.1879927543e+00 -9.6260862822e-01
5.3200000000e+02 0.0000000000e+00 0.0000000000e+00
-8.6072095411e-01 -4.9613541066e-01 1.1405741294e-01
1.7168485929e-01 -7.1974622073e-02 9.8251919211e-01
-4.7925332367e-01 8.6525678736e-01 1.4712900355e-01
4.8998253946e-02 2.0879719790e+00 -1.0874059476e+00
5.3200000000e+02 0.0000000000e+00 0.0000000000e+00
-8.7326238430e-01 -4.7116165967e-01 1.2417527378e-01
1.6743770025e-01 -5.0848224038e-02 9.8457050263e-01
-4.5757777994e-01 8.8058000691e-01 1.2329406610e-01
4.6646124877e-02 2.0546919454e+00 -1.1430905361e+00
5.3200000000e+02 0.0000000000e+00 0.0000000000e+00
-8.6953721872e-01 -4.7744533332e-01 1.2629718505e-01
1.7537104830e-01 -5.9438403750e-02 9.8270650327e-01
-4.6168173094e-01 8.7664874941e-01 1.3541399289e-01
1.1143442910e-01 2.0583103160e+00 -1.1108945869e+00
5.3200000000e+02 0.0000000000e+00 0.0000000000e+00
-8.7172310125e-01 -4.6879406991e-01 1.4258665702e-01
1.9740302233e-01 -6.9653515551e-02 9.7784479062e-01
-4.4847617720e-01 8.8055693046e-01 1.5325994484e-01
1.8635944779e-01 2.0842192502e+00 -1.0817515153e+00
5.3200000000e+02 0.0000000000e+00 0.0000000000e+00
-8.8326373258e-01 -4.4957719922e-01 1.3313722486e-01
1.9675575733e-01 -9.7650726882e-02 9.7557752511e-01
-4.2559646458e-01 8.8788776176e-01 1.7470824783e-01
1.3457778397e-01 2.1218200268e+00 -1.0438159936e+00
5.3200000000e+02 0.0000000000e+00 0.0000000000e+00
-9.1160692699e-01 -3.9889309020e-01 9.9282995811e-02
1.7537877902e-01 -1.5897768966e-01 9.7158035080e-01
-3.7177290721e-01 9.0311150850e-01 2.1488254625e-01
-2.0533860987e-02 2.1912314183e+00 -9.7978258950e-01
5.3200000000e+02 0.0000000000e+00 0.0000000000e+00
-9.6500899291e-01 -2.5159884239e-01 7.3862481035e-02
1.3045644261e-01 -2.1631509176e-01 9.6756854933e-01
-2.2746155758e-01 9.4334818788e-01 2.4156869880e-01
-3.5170718136e-01 2.2262990649e+00 -8.9412202270e-01
5.3200000000e+02 0.0000000000e+00 0.0000000000e+00
-9.8126900568e-01 -1.7753655031e-01 7.4779086662e-02
1.1813608781e-01 -2.4794871898e-01 9.6154318546e-01
-1.5216768138e-01 9.5236663426e-01 2.6427786643e-01
-4.4979893104e-01 2.2450490083e+00 -8.3792519054e-01
5.3200000000e+02 0.0000000000e+00 0.0000000000e+00
-9.9167323401e-01 -1.2452445170e-01 3.2830745978e-02
6.7512360798e-02 -2.8560764357e-01 9.5596566626e-01
-1.0966438844e-01 9.5022204503e-01 2.9163639526e-01
-5.8095419610e-01 2.2786982550e+00 -7.7219121205e-01
0 0 0
0 0 0
0 0 0
0 0 0
0 0 0
5.3200000000e+02 0.0000000000e+00 0.0000000000e+00
-9.8835667341e-01 1.4430599028e-01 -4.8237612785e-02
-9.8568108623e-02 -3.6573113529e-01 9.2548639355e-01
1.1591123362e-01 9.1946534347e-01 3.7569677676e-01
-1.0448245637e+00 2.1987454654e+00 -5.3850645291e-01
5.3200000000e+02 0.0000000000e+00 0.0000000000e+00
-9.6887206627e-01 2.2991237403e-01 -9.1799888197e-02
-1.7928452050e-01 -3.9592343672e-01 9.0061184367e-01
1.7071607983e-01 8.8903595682e-01 4.2481888795e-01
-1.1631358032e+00 2.1414890928e+00 -3.9928798750e-01
5.3200000000e+02 0.0000000000e+00 0.0000000000e+00
-9.3421838689e-01 3.3304375005e-01 -1.2774140345e-01
-2.6443015966e-01 -4.0627063938e-01 8.7465470801e-01
2.3940070230e-01 8.5089719011e-01 4.6761231336e-01
-1.3029164282e+00 2.0353402369e+00 -2.5520615036e-01
5.3200000000e+02 0.0000000000e+00 0.0000000000e+00
-8.8673195720e-01 4.5107598073e-01 -1.0117754539e-01
-3.0904381155e-01 -4.1565240127e-01 8.5540926103e-01
3.4379988165e-01 7.8978702251e-01 5.0797450768e-01
-1.4010434553e+00 1.9673922834e+00 -1.0406055681e-01
5.3200000000e+02 0.0000000000e+00 0.0000000000e+00
-8.3636085182e-01 5.3888108852e-01 -1.0053704775e-01
-3.7333874425e-01 -4.2565067754e-01 8.2428131287e-01
4.0139594863e-01 7.2693099614e-01 5.5718275214e-01
-1.4597086038e+00 1.9177067218e+00 5.0407467102e-02
5.3200000000e+02 0.0000000000e+00 0.0000000000e+00
-8.1062572721e-01 5.7162881992e-01 -1.2698985243e-01
-4.1766189493e-01 -4.1242802902e-01 8.0960586855e-01
4.1041987270e-01 7.0932616835e-01 5.7307234708e-01
-1.4936524392e+00 1.8435236004e+00 1.0575444643e-01
5.3200000000e+02 0.0000000000e+00 0.0000000000e+00
-8.1168150269e-01 5.7048620793e-01 -1.2537393968e-01
-4.2872484778e-01 -4.3610397898e-01 7.9120687839e-01
3.9669653779e-01 6.9595891120e-01 5.9855914564e-01
-1.4483028895e+00 1.8314810570e+00 1.7056553660e-01
0 0 0
0 0 0
0 0 0
0 0 0
0 0 0
0 0 0
0 0 0
0 0 0
0 0 0
0 0 0
0 0 0
0 0 0
0 0 0
0 0 0
0 0 0
0 0 0
0 0 0
0 0 0
0 0 0
0 0 0
0 0 0
0 0 0
0 0 0
0 0 0
0 0 0
0 0 0
0 0 0
0 0 0
0 0 0
0 0 0
0 0 0
0 0 0
0 0 0
0 0 0
0 0 0
0 0 0
0 0 0
0 0 0
0 0 0
0 0 0
0 0 0
0 0 0
0 0 0
0 0 0
0 0 0
0 0 0
0 0 0
0 0 0
0 0 0
0 0 0
0 0 0
0 0 0
0 0 0
0 0 0
0 0 0
0 0 0
0 0 0
0 0 0
0 0 0
0 0 0
0 0 0
0 0 0
0 0 0
0 0 0
0 0 0
0 0 0
0 0 0
0 0 0
0 0 0
0 0 0
0 0 0
0 0 0
0 0 0
0 0 0
0 0 0
0 0 0
0 0 0
0 0 0
0 0 0
0 0 0
0 0 0
0 0 0
0 0 0
0 0 0
0 0 0
0 0 0
0 0 0
0 0 0
0 0 0
0 0 0
0 0 0
0 0 0
0 0 0
0 0 0
0 0 0
0 0 0
0 0 0
0 0 0
0 0 0
0 0 0
0 0 0
0 0 0
0 0 0
0 0 0
0 0 0
0 0 0
0 0 0
0 0 0
0 0 0
0 0 0
0 0 0
0 0 0
0 0 0
0 0 0
0 0 0
0 0 0
0 0 0
0 0 0
0 0 0
0 0 0
0 0 0
0 0 0
0 0 0
0 0 0
0 0 0
0 0 0
0 0 0
0 0 0
0 0 0
0 0 0
0 0 0
0 0 0
0 0 0
0 0 0
0 0 0
0 0 0
0 0 0
0 0 0
0 0 0
0 0 0
0 0 0
0 0 0
0 0 0
0 0 0
0 0 0
0 0 0
0 0 0
0 0 0
0 0 0
0 0 0
0 0 0
0 0 0
0 0 0
0 0 0
0 0 0
0 0 0
0 0 0
0 0 0
0 0 0
0 0 0
0 0 0
0 0 0
0 0 0
0 0 0
0 0 0
0 0 0
0 0 0
0 0 0
0 0 0
0 0 0
0 0 0
0 0 0
0 0 0
0 0 0
0 0 0
0 0 0
0 0 0
0 0 0
0 0 0
0 0 0
0 0 0
0 0 0
0 0 0
0 0 0
0 0 0
0 0 0
0 0 0
0 0 0
0 0 0
0 0 0
0 0 0
0 0 0
0 0 0
0 0 0
0 0 0
0 0 0
0 0 0
0 0 0
0 0 0
0 0 0
0 0 0
0 0 0
0 0 0
0 0 0
0 0 0
0 0 0
0 0 0
0 0 0
0 0 0
0 0 0
0 0 0
0 0 0
0 0 0
0 0 0
0 0 0
0 0 0
0 0 0
0 0 0
0 0 0
0 0 0
0 0 0
0 0 0
0 0 0
0 0 0
0 0 0
0 0 0
0 0 0
0 0 0
0 0 0
0 0 0
0 0 0
0 0 0
0 0 0
0 0 0
0 0 0
0 0 0
0 0 0
0 0 0
0 0 0
0 0 0
0 0 0
0 0 0
0 0 0
0 0 0
0 0 0
0 0 0
0 0 0
0 0 0
0 0 0
0 0 0
0 0 0
0 0 0
0 0 0
0 0 0
0 0 0
0 0 0
0 0 0
0 0 0
0 0 0
0 0 0
0 0 0
0 0 0
0 0 0
0 0 0
0 0 0
0 0 0
0 0 0
0 0 0
0 0 0
0 0 0
0 0 0
0 0 0
0 0 0
0 0 0
0 0 0
0 0 0
0 0 0
0 0 0
0 0 0
0 0 0
0 0 0
0 0 0
0 0 0
0 0 0
0 0 0
0 0 0
0 0 0
0 0 0
0 0 0
0 0 0
0 0 0
0 0 0
0 0 0
0 0 0
0 0 0
0 0 0
0 0 0
0 0 0
0 0 0
0 0 0
0 0 0
0 0 0
0 0 0
0 0 0
0 0 0
0 0 0
0 0 0
0 0 0
0 0 0
0 0 0
5.3200000000e+02 0.0000000000e+00 0.0000000000e+00
4.0282505989e-01 -7.0367422285e-01 5.8529869231e-01
6.0270228278e-01 6.8519503990e-01 4.0897153402e-01
-6.8882648720e-01 1.8801687528e-01 7.0011979343e-01
1.4406683724e+00 1.2577073368e+00 6.9568370946e-01
5.3200000000e+02 0.0000000000e+00 0.0000000000e+00
4.5079142393e-01 -6.9581460469e-01 5.5913247806e-01
5.9388427330e-01 7.0142673320e-01 3.9408375745e-01
-6.6639970141e-01 1.5441040724e-01 7.2943050669e-01
1.3864191294e+00 1.2521692343e+00 7.5286580574e-01
5.3200000000e+02 0.0000000000e+00 0.0000000000e+00
4.6720766278e-01 -6.7350590696e-01 5.7280606939e-01
5.7338932504e-01 7.2395847805e-01 3.8354765544e-01
-6.7300942175e-01 1.4924448185e-01 7.2442004588e-01
1.3465958157e+00 1.2105294815e+00 7.4378008530e-01
5.3200000000e+02 0.0000000000e+00 0.0000000000e+00
4.7303356115e-01 -6.2176774631e-01 6.2421480251e-01
5.3387819959e-01 7.6588972670e-01 3.5831130954e-01
-7.0086611990e-01 1.6376140017e-01 6.9423978983e-01
1.3597995601e+00 1.1290799102e+00 6.6743052180e-01
1.9872872398e-01 -5.1232451658e-01 -1.6683672719e+00
8 10 5
19 5 19 242.2500 -255.2000 14 34 394.2300 -338.4000 0 25 208.3700 -221.5900 1 22 205.6700 -228.9700 2 23 201.8700 -234.6600 3 22 212.4800 -241.8100 4 23 225.2900 -250.3400 6 21 258.1100 -257.7700 7 21 274.6300 -258.0400 8 21 279.1899 -268.3300 9 21 285.2600 -294.6100 10 34 304.2000 -311.3600 13 25 391.4800 -329.3900 11 29 340.2800 -350.3400 15 32 395.7400 -354.2500 12 23 371.8900 -341.6200 18 30 375.7400 -137.5700 16 40 392.7900 -284.1800 17 38 384.0000 -197.5000
2.4349650311e-01 -4.3052385073e-01 -1.6407975891e+00
160 135 84
31 5 28 286.1801 -194.1700 14 27 439.8000 -284.4400 0 34 252.5800 -160.5000 1 29 250.2100 -167.7800 2 31 246.3600 -173.3400 3 28 256.3101 -180.1800 4 31 269.6000 -188.6400 6 26 302.1600 -194.3500 7 29 318.3101 -194.1700 8 32 321.2700 -204.8300 9 34 327.8600 -231.9000 10 39 346.4600 -251.4100 13 29 438.8199 -271.0400 11 34 384.9301 -288.9700 15 25 437.7200 -302.7600 12 27 418.3700 -282.1400 19 19 410.9900 -56.0600 22 23 449.2300 119.1400 23 20 448.3000 163.4100 18 20 411.5300 -93.5400 20 19 420.7800 -7.9000 21 27 446.1899 58.1900 16 17 433.4900 -236.2700 17 23 421.7400 -151.3200 27 29 387.5300 178.2600 25 25 392.0500 124.2000 30 25 390.1400 215.0100 31 26 376.6200 211.6100 33 36 305.3500 202.9600 28 24 392.1300 179.2100 24 33 396.6000 140.8700
1.6891702937e-01 -4.3493621022e-01 -1.6685839203e+00
24 17 9
25 5 49 221.8199 -194.9900 14 37 374.2500 -284.2900 0 49 189.7400 -160.2100 1 44 187.5400 -167.5300 2 48 184.1100 -172.8900 3 48 193.8199 -179.8100 4 54 206.9000 -188.0800 6 53 237.2900 -195.7700 7 55 252.7700 -196.2400 8 40 257.1500 -205.6700 9 56 263.6300 -232.9800 10 60 282.0200 -251.8100 13 40 371.0800 -270.2700 11 44 318.3000 -288.6700 15 35 378.1200 -301.9500 12 39 351.1000 -280.8000 19 29 360.3199 -58.1100 22 30 398.9200 110.1800 23 26 397.7600 151.2800 18 37 359.7100 -94.3700 20 32 370.8900 -12.4700 21 39 396.0300 52.4000 16 44 377.8400 -235.9100 17 43 369.5800 -150.8700 24 39 346.7000 124.8100
3.5064073652e-02 -5.5129885343e-01 -1.6958678711e+00
26 98 24
21 5 45 121.0300 -285.7200 14 72 273.0200 -382.8500 0 63 87.3101 -247.9300 1 56 85.4800 -255.4100 2 56 81.3600 -260.9800 3 44 90.6500 -268.4600 4 66 102.9399 -277.2900 6 49 137.4700 -288.8500 8 51 156.5500 -300.8000 9 54 162.6600 -328.4100 10 58 179.4301 -348.6300 13 78 263.6300 -371.2000 11 62 211.3500 -390.2100 15 61 282.0900 -396.1700 12 49 241.3300 -382.7200 19 54 284.6000 -139.7000 18 72 279.2500 -175.3300 20 77 300.6801 -96.8900 21 88 328.5800 -33.4200 16 90 287.4900 -323.7000 17 89 284.0200 -234.4800
8.3423666738e-02 -5.2827555690e-01 -1.6826396488e+00
23 93 21
20 5 62 160.7300 -267.7400 14 74 313.0100 -364.1500 0 66 126.8700 -231.5900 1 59 124.3199 -238.5800 2 58 121.0000 -244.1700 3 62 130.5800 -251.3700 4 68 143.5100 -260.2900 6 61 177.0300 -270.2600 7 66 193.7700 -271.4800 8 69 195.8300 -281.9600 9 68 202.5699 -309.5500 10 76 219.5900 -329.6900 13 80 305.1100 -352.1300 11 89 253.4399 -370.7200 12 77 283.5100 -363.5900 19 84 313.7400 -123.3200 18 74 310.4301 -159.8700 20 104 326.9900 -79.3100 16 91 323.0100 -308.4300 17 68 317.8700 -220.3500
3.1303678146e-01 -4.2386830560e-01 -1.6257891420e+00
20 15 12
